AGRUPAMENTOS DE INTERCÂMBIO
 #AG A   B   COEF
 XXX XXX XXX XX.XXXX
   1  11   3  1.0000
   1   1   3  1.0000
   2   3  11  1.0000
   2   3   1  1.0000
   4  11   1  1.0000
   4   3   1  1.0000
   4   4   1  1.0000
   5  11   1  1.0000
   5   4   1  1.0000
   6  11   1  1.0000
   6   4   1  1.0000
   6   1   3  1.0000
   7  11   1  1.0000
   7  11   3  1.0000
   8   1  11  1.0000
   8   1   4  1.0000
  12   4   1  1.0000
  12  11   1  1.0000
 999
LIMITES POR GRUPO
  #AG MI ANOI MF ANOF LIM_P1  LIM_P2  LIM_P3  LIM_P4
 XXX  XX XXXX XX XXXX XXXXXX. XXXXXX. XXXXXX. XXXXXX.
   1   1 2021  1 2021   7000.   7000.   7000.   7000.
   1   2 2021  2 2021   7000.   7000.   7000.   7000.
   1   3 2021  3 2021   7000.   7000.   7000.   7000.
   1   4 2021  4 2021   7000.   7000.   7000.   7000.
   1   5 2021  5 2021   7000.   7000.   7000.   7000.
   1   6 2021  6 2021   7000.   7000.   7000.   7000.
   1   7 2021  7 2021   7000.   7000.   7000.   7000.
   1   8 2021  8 2021   7000.   7000.   7000.   7000.
   1   9 2021  9 2021   7500.   7500.   7500.   7500.
   1  10 2021 10 2021   7500.   7500.   7500.   7500.
   1  11 2021 11 2021   7500.   7500.   7500.   7500.
   1  12 2021 12 2021   7500.   7500.   7500.   7500.
   1   1 2022  1 2022   8300.   8300.   8300.   8300.
   1   2 2022  2 2022   8300.   8300.   8300.   8300.
   1   3 2022  3 2022   8300.   8300.   8300.   8300.
   1   4 2022  4 2022   8300.   8300.   8300.   8300.
   1   5 2022  5 2022   8300.   8300.   8300.   8300.
   1   6 2022  6 2022   9000.   9000.   9000.   9000.
   1   7 2022  7 2022  11000.  11000.  11000.  11000.
   1   8 2022  8 2022  11000.  11000.  11000.  11000.
   1   9 2022  9 2022  11000.  11000.  11000.  11000.
   1  10 2022 10 2022  11000.  11000.  11000.  11000.
   1  11 2022 11 2022  11000.  11000.  11000.  11000.
   1  12 2022 12 2022  11000.  11000.  11000.  11000.
   1   1 2023  1 2023  11000.  11000.  11000.  11000.
   1   2 2023  2 2023  11000.  11000.  11000.  11000.
   1   3 2023  3 2023  11000.  11000.  11000.  11000.
   1   4 2023  4 2023  11000.  11000.  11000.  11000.
   1   5 2023  5 2023  11000.  11000.  11000.  11000.
   1   6 2023  6 2023  11000.  11000.  11000.  11000.
   1   7 2023  7 2023  11000.  11000.  11000.  11000.
   1   8 2023  8 2023  11000.  11000.  11000.  11000.
   1   9 2023  9 2023  11000.  11000.  11000.  11000.
   1  10 2023 10 2023  11000.  11000.  11000.  11000.
   1  11 2023 11 2023  11000.  11000.  11000.  11000.
   1  12 2023 12 2023  11000.  11000.  11000.  11000.
   1   1 2024  1 2024  11000.  11000.  11000.  11000.
   1   2 2024  2 2024  11000.  11000.  11000.  11000.
   1   3 2024  3 2024  11000.  11000.  11000.  11000.
   1   4 2024  4 2024  11000.  11000.  11000.  11000.
   1   5 2024  5 2024  11000.  11000.  11000.  11000.
   1   6 2024  6 2024  11000.  11000.  11000.  11000.
   1   7 2024  7 2024  11000.  11000.  11000.  11000.
   1   8 2024  8 2024  11000.  11000.  11000.  11000.
   1   9 2024  9 2024  11000.  11000.  11000.  11000.
   1  10 2024 10 2024  11000.  11000.  11000.  11000.
   1  11 2024 11 2024  11000.  11000.  11000.  11000.
   1  12 2024 12 2024  11000.  11000.  11000.  11000.
   1   1 2025  1 2025  11000.  11000.  11000.  11000.
   1   2 2025  2 2025  11000.  11000.  11000.  11000.
   1   3 2025  3 2025  11000.  11000.  11000.  11000.
   1   4 2025  4 2025  11000.  11000.  11000.  11000.
   1   5 2025  5 2025  11000.  11000.  11000.  11000.
   1   6 2025  6 2025  11000.  11000.  11000.  11000.
   1   7 2025  7 2025  11000.  11000.  11000.  11000.
   1   8 2025  8 2025  11000.  11000.  11000.  11000.
   1   9 2025  9 2025  11000.  11000.  11000.  11000.
   1  10 2025 10 2025  11000.  11000.  11000.  11000.
   1  11 2025 11 2025  11000.  11000.  11000.  11000.
   1  12 2025 12 2025  11000.  11000.  11000.  11000.
   1   1 2026  1 2026  11000.  11000.  11000.  11000.
   1   2 2026  2 2026  11000.  11000.  11000.  11000.
   1   3 2026  3 2026  11000.  11000.  11000.  11000.
   1   4 2026  4 2026  11500.  11500.  11500.  11500.
   1   5 2026  5 2026  11500.  11500.  11500.  11500.
   1   6 2026  6 2026  11500.  11500.  11500.  11500.
   1   7 2026  7 2026  11500.  11500.  11500.  11500.
   1   8 2026  8 2026  11500.  11500.  11500.  11500.
   1   9 2026  9 2026  11500.  11500.  11500.  11500.
   1  10 2026 10 2026  11500.  11500.  11500.  11500.
   1  11 2026 11 2026  11500.  11500.  11500.  11500.
   1  12 2026 12 2026  11500.  11500.  11500.  11500.
   1   1 2027  1 2027  11500.  11500.  11500.  11500.
   1   2 2027  2 2027  11500.  11500.  11500.  11500.
   1   3 2027  3 2027  11500.  11500.  11500.  11500.
   1   4 2027  4 2027  11500.  11500.  11500.  11500.
   1   5 2027  5 2027  11500.  11500.  11500.  11500.
   1   6 2027  6 2027  11500.  11500.  11500.  11500.
   1   7 2027  7 2027  11500.  11500.  11500.  11500.
   1   8 2027  8 2027  11500.  11500.  11500.  11500.
   1   9 2027  9 2027  11500.  11500.  11500.  11500.
   1  10 2027 10 2027  11500.  11500.  11500.  11500.
   1  11 2027 11 2027  11500.  11500.  11500.  11500.
   1  12 2027 12 2027  11500.  11500.  11500.  11500.
   1   1 2028  1 2028  11500.  11500.  11500.  11500.
   1   2 2028  2 2028  11500.  11500.  11500.  11500.
   1   3 2028  3 2028  11500.  11500.  11500.  11500.
   1   4 2028  4 2028  11500.  11500.  11500.  11500.
   1   5 2028  5 2028  11500.  11500.  11500.  11500.
   1   6 2028  6 2028  11500.  11500.  11500.  11500.
   1   7 2028  7 2028  11500.  11500.  11500.  11500.
   1   8 2028  8 2028  11500.  11500.  11500.  11500.
   1   9 2028  9 2028  11500.  11500.  11500.  11500.
   1  10 2028 10 2028  11500.  11500.  11500.  11500.
   1  11 2028 11 2028  11500.  11500.  11500.  11500.
   1  12 2028 12 2028  11500.  11500.  11500.  11500.
   1   1 2029  1 2029  11500.  11500.  11500.  11500.
   1   2 2029  2 2029  11500.  11500.  11500.  11500.
   1   3 2029  3 2029  11500.  11500.  11500.  11500.
   1   4 2029  4 2029  11500.  11500.  11500.  11500.
   1   5 2029  5 2029  11500.  11500.  11500.  11500.
   1   6 2029  6 2029  11500.  11500.  11500.  11500.
   1   7 2029  7 2029  11500.  11500.  11500.  11500.
   1   8 2029  8 2029  11500.  11500.  11500.  11500.
   1   9 2029  9 2029  11500.  11500.  11500.  11500.
   1  10 2029 10 2029  11500.  11500.  11500.  11500.
   1  11 2029 11 2029  11500.  11500.  11500.  11500.
   1  12 2029 12 2029  11500.  11500.  11500.  11500.
   1   1 2030  1 2030  11500.  11500.  11500.  11500.
   1   2 2030  2 2030  11500.  11500.  11500.  11500.
   1   3 2030  3 2030  11500.  11500.  11500.  11500.
   1   4 2030  4 2030  11500.  11500.  11500.  11500.
   1   5 2030  5 2030  11500.  11500.  11500.  11500.
   1   6 2030  6 2030  11500.  11500.  11500.  11500.
   1   7 2030  7 2030  11500.  11500.  11500.  11500.
   1   8 2030  8 2030  11500.  11500.  11500.  11500.
   1   9 2030  9 2030  11500.  11500.  11500.  11500.
   1  10 2030 10 2030  11500.  11500.  11500.  11500.
   1  11 2030 11 2030  11500.  11500.  11500.  11500.
   1  12 2030 12 2030  11500.  11500.  11500.  11500.
   1   1 2031  1 2031  11500.  11500.  11500.  11500.
   1   2 2031  2 2031  11500.  11500.  11500.  11500.
   1   3 2031  3 2031  11500.  11500.  11500.  11500.
   1   4 2031  4 2031  11500.  11500.  11500.  11500.
   1   5 2031  5 2031  11500.  11500.  11500.  11500.
   1   6 2031  6 2031  11500.  11500.  11500.  11500.
   1   7 2031  7 2031  11500.  11500.  11500.  11500.
   1   8 2031  8 2031  11500.  11500.  11500.  11500.
   1   9 2031  9 2031  11500.  11500.  11500.  11500.
   1  10 2031 10 2031  11500.  11500.  11500.  11500.
   1  11 2031 11 2031  11500.  11500.  11500.  11500.
   1  12 2031 12 2031  11500.  11500.  11500.  11500.
   1   1 2032  1 2032  11500.  11500.  11500.  11500.
   1   2 2032  2 2032  11500.  11500.  11500.  11500.
   1   3 2032  3 2032  11500.  11500.  11500.  11500.
   1   4 2032  4 2032  11500.  11500.  11500.  11500.
   1   5 2032  5 2032  11500.  11500.  11500.  11500.
   1   6 2032  6 2032  11500.  11500.  11500.  11500.
   1   7 2032  7 2032  11500.  11500.  11500.  11500.
   1   8 2032  8 2032  11500.  11500.  11500.  11500.
   1   9 2032  9 2032  11500.  11500.  11500.  11500.
   1  10 2032 10 2032  11500.  11500.  11500.  11500.
   1  11 2032 11 2032  11500.  11500.  11500.  11500.
   1  12 2032 12 2032  11500.  11500.  11500.  11500.
   1   1 2033  1 2033  11500.  11500.  11500.  11500.
   1   2 2033  2 2033  11500.  11500.  11500.  11500.
   1   3 2033  3 2033  11500.  11500.  11500.  11500.
   1   4 2033  4 2033  11500.  11500.  11500.  11500.
   1   5 2033  5 2033  11500.  11500.  11500.  11500.
   1   6 2033  6 2033  11500.  11500.  11500.  11500.
   1   7 2033  7 2033  11500.  11500.  11500.  11500.
   1   8 2033  8 2033  11500.  11500.  11500.  11500.
   1   9 2033  9 2033  11500.  11500.  11500.  11500.
   1  10 2033 10 2033  11500.  11500.  11500.  11500.
   1  11 2033 11 2033  11500.  11500.  11500.  11500.
   1  12 2033 12 2033  11500.  11500.  11500.  11500.
   1   1 2034  1 2034  11500.  11500.  11500.  11500.
   1   2 2034  2 2034  11500.  11500.  11500.  11500.
   1   3 2034  3 2034  11500.  11500.  11500.  11500.
   1   4 2034  4 2034  11500.  11500.  11500.  11500.
   1   5 2034  5 2034  11500.  11500.  11500.  11500.
   1   6 2034  6 2034  11500.  11500.  11500.  11500.
   1   7 2034  7 2034  11500.  11500.  11500.  11500.
   1   8 2034  8 2034  11500.  11500.  11500.  11500.
   1   9 2034  9 2034  11500.  11500.  11500.  11500.
   1  10 2034 10 2034  11500.  11500.  11500.  11500.
   1  11 2034 11 2034  11500.  11500.  11500.  11500.
   1  12 2034 12 2034  11500.  11500.  11500.  11500.
   1   1 2035  1 2035  11500.  11500.  11500.  11500.
   1   2 2035  2 2035  11500.  11500.  11500.  11500.
   1   3 2035  3 2035  11500.  11500.  11500.  11500.
   1   4 2035  4 2035  11500.  11500.  11500.  11500.
   1   5 2035  5 2035  11500.  11500.  11500.  11500.
   1   6 2035  6 2035  11500.  11500.  11500.  11500.
   1   7 2035  7 2035  11500.  11500.  11500.  11500.
   1   8 2035  8 2035  11500.  11500.  11500.  11500.
   1   9 2035  9 2035  11500.  11500.  11500.  11500.
   1  10 2035 10 2035  11500.  11500.  11500.  11500.
   1  11 2035 11 2035  11500.  11500.  11500.  11500.
   1  12 2035 12 2035  11500.  11500.  11500.  11500.
   1   1 2036  1 2036  12312.  12312.  12312.  12312.
   1   2 2036  2 2036  12312.  12312.  12312.  12312.
   1   3 2036  3 2036  12312.  12312.  12312.  12312.
   1   4 2036  4 2036  12312.  12312.  12312.  12312.
   1   5 2036  5 2036  12312.  12312.  12312.  12312.
   1   6 2036  6 2036  12312.  12312.  12312.  12312.
   1   7 2036  7 2036  12312.  12312.  12312.  12312.
   1   8 2036  8 2036  12312.  12312.  12312.  12312.
   1   9 2036  9 2036  12312.  12312.  12312.  12312.
   1  10 2036 10 2036  12312.  12312.  12312.  12312.
   1  11 2036 11 2036  12312.  12312.  12312.  12312.
   1  12 2036 12 2036  12312.  12312.  12312.  12312.
   2   1 2021  1 2021   6000.   6000.   6000.   6000.
   2   2 2021  2 2021   6000.   6000.   6000.   6000.
   2   3 2021  3 2021   6000.   6000.   6000.   6000.
   2   4 2021  4 2021   6000.   6000.   6000.   6000.
   2   5 2021  5 2021   6000.   6000.   6000.   6000.
   2   6 2021  6 2021   7500.   7500.   7500.   7500.
   2   7 2021  7 2021   7500.   7500.   7500.   7500.
   2   8 2021  8 2021   8500.   8500.   8500.   8500.
   2   9 2021  9 2021   8500.   8500.   8500.   8500.
   2  10 2021 10 2021   8500.   8500.   8500.   8500.
   2  11 2021 11 2021   9800.   9800.   9800.   9800.
   2  12 2021 12 2021   9000.   9000.   9000.   9000.
   2   1 2022  1 2022  11000.  11000.  11000.  11500.
   2   2 2022  2 2022  11000.  11000.  11000.  11500.
   2   3 2022  3 2022  11000.  11000.  11000.  11500.
   2   4 2022  4 2022  11000.  11000.  11000.  11500.
   2   5 2022  5 2022  11000.  11000.  11000.  11500.
   2   6 2022  6 2022  12500.  12500.  11500.  12800.
   2   7 2022  7 2022  12500.  12500.  11500.  12800.
   2   8 2022  8 2022  12500.  12500.  11500.  12800.
   2   9 2022  9 2022  12500.  12500.  11500.  12800.
   2  10 2022 10 2022  12500.  12500.  11500.  12800.
   2  11 2022 11 2022  12500.  12500.  11500.  12800.
   2  12 2022 12 2022  12500.  12500.  11500.  12800.
   2   1 2023  1 2023  12500.  12500.  11500.  12800.
   2   2 2023  2 2023  12500.  12500.  11500.  12800.
   2   3 2023  3 2023  12500.  12500.  11500.  12800.
   2   4 2023  4 2023  12500.  12500.  11500.  12800.
   2   5 2023  5 2023  13400.  13400.  13200.  13400.
   2   6 2023  6 2023  13400.  13400.  13200.  13400.
   2   7 2023  7 2023  13400.  13400.  13200.  13400.
   2   8 2023  8 2023  13400.  13400.  13200.  13400.
   2   9 2023  9 2023  13400.  13400.  13200.  13400.
   2  10 2023 10 2023  14700.  14700.  13800.  14500.
   2  11 2023 11 2023  14700.  14700.  13800.  14500.
   2  12 2023 12 2023  14700.  14700.  13800.  14500.
   2   1 2024  1 2024  14700.  14700.  13800.  14500.
   2   2 2024  2 2024  14700.  14700.  13800.  14500.
   2   3 2024  3 2024  14700.  14700.  13800.  14500.
   2   4 2024  4 2024  14700.  14700.  13800.  14500.
   2   5 2024  5 2024  14700.  14700.  13800.  14500.
   2   6 2024  6 2024  14700.  14700.  13800.  14500.
   2   7 2024  7 2024  14700.  14700.  13800.  14500.
   2   8 2024  8 2024  14700.  14700.  13800.  14500.
   2   9 2024  9 2024  14700.  14700.  13800.  14500.
   2  10 2024 10 2024  14700.  14700.  13800.  14500.
   2  11 2024 11 2024  14700.  14700.  13800.  14500.
   2  12 2024 12 2024  14700.  14700.  13800.  14500.
   2   1 2025  1 2025  14700.  14700.  13800.  14500.
   2   2 2025  2 2025  14700.  14700.  13800.  14500.
   2   3 2025  3 2025  14700.  14700.  13800.  14500.
   2   4 2025  4 2025  14700.  14700.  13800.  14500.
   2   5 2025  5 2025  14700.  14700.  13800.  14500.
   2   6 2025  6 2025  14700.  14700.  13800.  14500.
   2   7 2025  7 2025  14700.  14700.  13800.  14500.
   2   8 2025  8 2025  14700.  14700.  13800.  14500.
   2   9 2025  9 2025  14700.  14700.  13800.  14500.
   2  10 2025 10 2025  14700.  14700.  13800.  14500.
   2  11 2025 11 2025  14700.  14700.  13800.  14500.
   2  12 2025 12 2025  14700.  14700.  13800.  14500.
   2   1 2026  1 2026  14700.  14700.  13800.  14500.
   2   2 2026  2 2026  14700.  14700.  13800.  14500.
   2   3 2026  3 2026  14700.  14700.  13800.  14500.
   2   4 2026  4 2026  15500.  15500.  14600.  15300.
   2   5 2026  5 2026  15500.  15500.  14600.  15300.
   2   6 2026  6 2026  15500.  15500.  14600.  15300.
   2   7 2026  7 2026  15500.  15500.  14600.  15300.
   2   8 2026  8 2026  15500.  15500.  14600.  15300.
   2   9 2026  9 2026  15500.  15500.  14600.  15300.
   2  10 2026 10 2026  15500.  15500.  14600.  15300.
   2  11 2026 11 2026  15500.  15500.  14600.  15300.
   2  12 2026 12 2026  15500.  15500.  14600.  15300.
   2   1 2027  1 2027  15500.  15500.  14600.  15300.
   2   2 2027  2 2027  15500.  15500.  14600.  15300.
   2   3 2027  3 2027  15500.  15500.  14600.  15300.
   2   4 2027  4 2027  15500.  15500.  14600.  15300.
   2   5 2027  5 2027  15500.  15500.  14600.  15300.
   2   6 2027  6 2027  15500.  15500.  14600.  15300.
   2   7 2027  7 2027  15500.  15500.  14600.  15300.
   2   8 2027  8 2027  15500.  15500.  14600.  15300.
   2   9 2027  9 2027  15500.  15500.  14600.  15300.
   2  10 2027 10 2027  15500.  15500.  14600.  15300.
   2  11 2027 11 2027  15500.  15500.  14600.  15300.
   2  12 2027 12 2027  15500.  15500.  14600.  15300.
   2   1 2028  1 2028  15500.  15500.  14600.  15300.
   2   2 2028  2 2028  15500.  15500.  14600.  15300.
   2   3 2028  3 2028  15500.  15500.  14600.  15300.
   2   4 2028  4 2028  15500.  15500.  14600.  15300.
   2   5 2028  5 2028  15500.  15500.  14600.  15300.
   2   6 2028  6 2028  15500.  15500.  14600.  15300.
   2   7 2028  7 2028  15500.  15500.  14600.  15300.
   2   8 2028  8 2028  15500.  15500.  14600.  15300.
   2   9 2028  9 2028  15500.  15500.  14600.  15300.
   2  10 2028 10 2028  15500.  15500.  14600.  15300.
   2  11 2028 11 2028  15500.  15500.  14600.  15300.
   2  12 2028 12 2028  15500.  15500.  14600.  15300.
   2   1 2029  1 2029  15500.  15500.  14600.  15300.
   2   2 2029  2 2029  15500.  15500.  14600.  15300.
   2   3 2029  3 2029  15500.  15500.  14600.  15300.
   2   4 2029  4 2029  15500.  15500.  14600.  15300.
   2   5 2029  5 2029  15500.  15500.  14600.  15300.
   2   6 2029  6 2029  15500.  15500.  14600.  15300.
   2   7 2029  7 2029  15500.  15500.  14600.  15300.
   2   8 2029  8 2029  15500.  15500.  14600.  15300.
   2   9 2029  9 2029  15500.  15500.  14600.  15300.
   2  10 2029 10 2029  15500.  15500.  14600.  15300.
   2  11 2029 11 2029  15500.  15500.  14600.  15300.
   2  12 2029 12 2029  15500.  15500.  14600.  15300.
   2   1 2030  1 2030  15500.  15500.  14600.  15300.
   2   2 2030  2 2030  15500.  15500.  14600.  15300.
   2   3 2030  3 2030  15500.  15500.  14600.  15300.
   2   4 2030  4 2030  15500.  15500.  14600.  15300.
   2   5 2030  5 2030  15500.  15500.  14600.  15300.
   2   6 2030  6 2030  15500.  15500.  14600.  15300.
   2   7 2030  7 2030  15500.  15500.  14600.  15300.
   2   8 2030  8 2030  15500.  15500.  14600.  15300.
   2   9 2030  9 2030  15500.  15500.  14600.  15300.
   2  10 2030 10 2030  15500.  15500.  14600.  15300.
   2  11 2030 11 2030  15500.  15500.  14600.  15300.
   2  12 2030 12 2030  15500.  15500.  14600.  15300.
   2   1 2031  1 2031  15500.  15500.  14600.  15300.
   2   2 2031  2 2031  15500.  15500.  14600.  15300.
   2   3 2031  3 2031  15500.  15500.  14600.  15300.
   2   4 2031  4 2031  15500.  15500.  14600.  15300.
   2   5 2031  5 2031  15500.  15500.  14600.  15300.
   2   6 2031  6 2031  15500.  15500.  14600.  15300.
   2   7 2031  7 2031  15500.  15500.  14600.  15300.
   2   8 2031  8 2031  15500.  15500.  14600.  15300.
   2   9 2031  9 2031  15500.  15500.  14600.  15300.
   2  10 2031 10 2031  15500.  15500.  14600.  15300.
   2  11 2031 11 2031  15500.  15500.  14600.  15300.
   2  12 2031 12 2031  15500.  15500.  14600.  15300.
   2   1 2032  1 2032  15500.  15500.  14600.  15300.
   2   2 2032  2 2032  15500.  15500.  14600.  15300.
   2   3 2032  3 2032  15500.  15500.  14600.  15300.
   2   4 2032  4 2032  15500.  15500.  14600.  15300.
   2   5 2032  5 2032  15500.  15500.  14600.  15300.
   2   6 2032  6 2032  15500.  15500.  14600.  15300.
   2   7 2032  7 2032  15500.  15500.  14600.  15300.
   2   8 2032  8 2032  15500.  15500.  14600.  15300.
   2   9 2032  9 2032  15500.  15500.  14600.  15300.
   2  10 2032 10 2032  15500.  15500.  14600.  15300.
   2  11 2032 11 2032  15500.  15500.  14600.  15300.
   2  12 2032 12 2032  15500.  15500.  14600.  15300.
   2   1 2033  1 2033  15500.  15500.  14600.  15300.
   2   2 2033  2 2033  15500.  15500.  14600.  15300.
   2   3 2033  3 2033  15500.  15500.  14600.  15300.
   2   4 2033  4 2033  15500.  15500.  14600.  15300.
   2   5 2033  5 2033  15500.  15500.  14600.  15300.
   2   6 2033  6 2033  15500.  15500.  14600.  15300.
   2   7 2033  7 2033  15500.  15500.  14600.  15300.
   2   8 2033  8 2033  15500.  15500.  14600.  15300.
   2   9 2033  9 2033  15500.  15500.  14600.  15300.
   2  10 2033 10 2033  15500.  15500.  14600.  15300.
   2  11 2033 11 2033  15500.  15500.  14600.  15300.
   2  12 2033 12 2033  15500.  15500.  14600.  15300.
   2   1 2034  1 2034  15500.  15500.  14600.  15300.
   2   2 2034  2 2034  15500.  15500.  14600.  15300.
   2   3 2034  3 2034  15500.  15500.  14600.  15300.
   2   4 2034  4 2034  15500.  15500.  14600.  15300.
   2   5 2034  5 2034  15500.  15500.  14600.  15300.
   2   6 2034  6 2034  15500.  15500.  14600.  15300.
   2   7 2034  7 2034  15500.  15500.  14600.  15300.
   2   8 2034  8 2034  15500.  15500.  14600.  15300.
   2   9 2034  9 2034  15500.  15500.  14600.  15300.
   2  10 2034 10 2034  15500.  15500.  14600.  15300.
   2  11 2034 11 2034  15500.  15500.  14600.  15300.
   2  12 2034 12 2034  15500.  15500.  14600.  15300.
   2   1 2035  1 2035  15500.  15500.  14600.  15300.
   2   2 2035  2 2035  15500.  15500.  14600.  15300.
   2   3 2035  3 2035  15500.  15500.  14600.  15300.
   2   4 2035  4 2035  15500.  15500.  14600.  15300.
   2   5 2035  5 2035  15500.  15500.  14600.  15300.
   2   6 2035  6 2035  15500.  15500.  14600.  15300.
   2   7 2035  7 2035  15500.  15500.  14600.  15300.
   2   8 2035  8 2035  15500.  15500.  14600.  15300.
   2   9 2035  9 2035  15500.  15500.  14600.  15300.
   2  10 2035 10 2035  15500.  15500.  14600.  15300.
   2  11 2035 11 2035  15500.  15500.  14600.  15300.
   2  12 2035 12 2035  15500.  15500.  14600.  15300.
   2   1 2036  1 2036  16312.  16312.  15412.  16112.
   2   2 2036  2 2036  16312.  16312.  15412.  16112.
   2   3 2036  3 2036  16312.  16312.  15412.  16112.
   2   4 2036  4 2036  16312.  16312.  15412.  16112.
   2   5 2036  5 2036  16312.  16312.  15412.  16112.
   2   6 2036  6 2036  16312.  16312.  15412.  16112.
   2   7 2036  7 2036  16312.  16312.  15412.  16112.
   2   8 2036  8 2036  16312.  16312.  15412.  16112.
   2   9 2036  9 2036  16312.  16312.  15412.  16112.
   2  10 2036 10 2036  16312.  16312.  15412.  16112.
   2  11 2036 11 2036  16312.  16312.  15412.  16112.
   2  12 2036 12 2036  16312.  16312.  15412.  16112.
   4   1 2021  1 2021  10000.  10000.  10000.  10000.
   4   2 2021  2 2021  10000.  10000.  10000.  10000.
   4   3 2021  3 2021  10000.  10000.  10000.  10000.
   4   4 2021  4 2021  10000.  10000.  10000.  10000.
   4   5 2021  5 2021  10000.  10000.  10000.  10000.
   4   6 2021  6 2021  10000.  10000.  10000.  10000.
   4   7 2021  7 2021   9000.   9000.   9000.   9000.
   4   8 2021  8 2021   7500.   7500.   7500.   7500.
   4   9 2021  9 2021  10100.  10100.  10100.   9750.
   4  10 2021 10 2021  10100.  10100.  10100.   9750.
   4  11 2021 11 2021  10100.  10100.  10100.   9750.
   4  12 2021 12 2021  12300.  12300.  12300.  11400.
   4   1 2022  1 2022  14500.  14500.  14500.  14100.
   4   2 2022  2 2022  14500.  14500.  14500.  14100.
   4   3 2022  3 2022  14500.  14500.  14500.  14100.
   4   4 2022  4 2022  14500.  14500.  14500.  14100.
   4   5 2022  5 2022  14500.  14500.  14500.  14100.
   4   6 2022  6 2022  15200.  15200.  15200.  15500.
   4   7 2022  7 2022  13500.  13500.  13500.  14000.
   4   8 2022  8 2022  12500.  12500.  12500.  13000.
   4   9 2022  9 2022  12500.  12500.  12500.  13000.
   4  10 2022 10 2022  12500.  12500.  12500.  13000.
   4  11 2022 11 2022  13500.  13500.  13500.  14000.
   4  12 2022 12 2022  14500.  14500.  14500.  15000.
   4   1 2023  1 2023  15200.  15200.  15200.  15500.
   4   2 2023  2 2023  15200.  15200.  15200.  15500.
   4   3 2023  3 2023  15200.  15200.  15200.  15500.
   4   4 2023  4 2023  15200.  15200.  15200.  15500.
   4   5 2023  5 2023  15200.  15200.  15200.  15500.
   4   6 2023  6 2023  15200.  15200.  15200.  15500.
   4   7 2023  7 2023  15400.  15400.  14300.  14400.
   4   8 2023  8 2023  13600.  13600.  13200.  13400.
   4   9 2023  9 2023  13600.  13600.  13200.  13400.
   4  10 2023 10 2023  15000.  15000.  13800.  14800.
   4  11 2023 11 2023  16000.  16000.  14800.  16000.
   4  12 2023 12 2023  17000.  17000.  16000.  16800.
   4   1 2024  1 2024  15200.  15200.  15200.  15500.
   4   2 2024  2 2024  15200.  15200.  15200.  15500.
   4   3 2024  3 2024  15200.  15200.  15200.  15500.
   4   4 2024  4 2024  15200.  15200.  15200.  15500.
   4   5 2024  5 2024  15200.  15200.  15200.  15500.
   4   6 2024  6 2024  15200.  15200.  15200.  15500.
   4   7 2024  7 2024  16000.  16000.  14800.  16000.
   4   8 2024  8 2024  15000.  15000.  13800.  14800.
   4   9 2024  9 2024  15000.  15000.  13800.  14800.
   4  10 2024 10 2024  15000.  15000.  13800.  14800.
   4  11 2024 11 2024  16000.  16000.  14800.  16000.
   4  12 2024 12 2024  17000.  17000.  16000.  16800.
   4   1 2025  1 2025  15200.  15200.  15200.  15500.
   4   2 2025  2 2025  15200.  15200.  15200.  15500.
   4   3 2025  3 2025  15200.  15200.  15200.  15500.
   4   4 2025  4 2025  15200.  15200.  15200.  15500.
   4   5 2025  5 2025  15200.  15200.  15200.  15500.
   4   6 2025  6 2025  15200.  15200.  15200.  15500.
   4   7 2025  7 2025  16000.  16000.  14800.  16000.
   4   8 2025  8 2025  15000.  15000.  13800.  14800.
   4   9 2025  9 2025  15000.  15000.  13800.  14800.
   4  10 2025 10 2025  15000.  15000.  13800.  14800.
   4  11 2025 11 2025  16000.  16000.  14800.  16000.
   4  12 2025 12 2025  17000.  17000.  16000.  16800.
   4   1 2026  1 2026  15200.  15200.  15200.  15500.
   4   2 2026  2 2026  15200.  15200.  15200.  15500.
   4   3 2026  3 2026  15200.  15200.  15200.  15500.
   4   4 2026  4 2026  15700.  15700.  15700.  16000.
   4   5 2026  5 2026  15700.  15700.  15700.  16000.
   4   6 2026  6 2026  15700.  15700.  15700.  16000.
   4   7 2026  7 2026  16500.  16500.  15300.  16500.
   4   8 2026  8 2026  15500.  15500.  14300.  15300.
   4   9 2026  9 2026  15500.  15500.  14300.  15300.
   4  10 2026 10 2026  15500.  15500.  14300.  15300.
   4  11 2026 11 2026  16500.  16500.  15300.  16000.
   4  12 2026 12 2026  17500.  17500.  16500.  17300.
   4   1 2027  1 2027  15700.  15700.  17500.  16000.
   4   2 2027  2 2027  15700.  15700.  17500.  16000.
   4   3 2027  3 2027  15700.  15700.  17500.  16000.
   4   4 2027  4 2027  15700.  15700.  17500.  16000.
   4   5 2027  5 2027  15700.  15700.  17500.  16000.
   4   6 2027  6 2027  15700.  15700.  17500.  16000.
   4   7 2027  7 2027  16500.  16500.  15300.  16500.
   4   8 2027  8 2027  15500.  15500.  14300.  15300.
   4   9 2027  9 2027  15500.  15500.  14300.  15300.
   4  10 2027 10 2027  15500.  15500.  14300.  15300.
   4  11 2027 11 2027  16500.  16500.  15300.  16000.
   4  12 2027 12 2027  17500.  17500.  16500.  17300.
   4   1 2028  1 2028  15700.  15700.  17500.  16000.
   4   2 2028  2 2028  15700.  15700.  17500.  16000.
   4   3 2028  3 2028  15700.  15700.  17500.  16000.
   4   4 2028  4 2028  15700.  15700.  17500.  16000.
   4   5 2028  5 2028  15700.  15700.  17500.  16000.
   4   6 2028  6 2028  15700.  15700.  17500.  16000.
   4   7 2028  7 2028  16500.  16500.  15300.  16500.
   4   8 2028  8 2028  15500.  15500.  14300.  15300.
   4   9 2028  9 2028  15500.  15500.  14300.  15300.
   4  10 2028 10 2028  15500.  15500.  14300.  15300.
   4  11 2028 11 2028  16500.  16500.  15300.  16000.
   4  12 2028 12 2028  17500.  17500.  16500.  17300.
   4   1 2029  1 2029  15700.  15700.  17500.  16000.
   4   2 2029  2 2029  15700.  15700.  17500.  16000.
   4   3 2029  3 2029  15700.  15700.  17500.  16000.
   4   4 2029  4 2029  15700.  15700.  17500.  16000.
   4   5 2029  5 2029  15700.  15700.  17500.  16000.
   4   6 2029  6 2029  15700.  15700.  17500.  16000.
   4   7 2029  7 2029  16500.  16500.  15300.  16500.
   4   8 2029  8 2029  15500.  15500.  14300.  15300.
   4   9 2029  9 2029  15500.  15500.  14300.  15300.
   4  10 2029 10 2029  15500.  15500.  14300.  15300.
   4  11 2029 11 2029  16500.  16500.  15300.  16000.
   4  12 2029 12 2029  17500.  17500.  16500.  17300.
   4   1 2030  1 2030  15700.  15700.  17500.  16000.
   4   2 2030  2 2030  15700.  15700.  17500.  16000.
   4   3 2030  3 2030  15700.  15700.  17500.  16000.
   4   4 2030  4 2030  15700.  15700.  17500.  16000.
   4   5 2030  5 2030  15700.  15700.  17500.  16000.
   4   6 2030  6 2030  15700.  15700.  17500.  16000.
   4   7 2030  7 2030  16500.  16500.  15300.  16500.
   4   8 2030  8 2030  15500.  15500.  14300.  15300.
   4   9 2030  9 2030  15500.  15500.  14300.  15300.
   4  10 2030 10 2030  15500.  15500.  14300.  15300.
   4  11 2030 11 2030  16500.  16500.  15300.  16000.
   4  12 2030 12 2030  17500.  17500.  16500.  17300.
   4   1 2031  1 2031  15700.  15700.  17500.  16000.
   4   2 2031  2 2031  15700.  15700.  17500.  16000.
   4   3 2031  3 2031  15700.  15700.  17500.  16000.
   4   4 2031  4 2031  15700.  15700.  17500.  16000.
   4   5 2031  5 2031  15700.  15700.  17500.  16000.
   4   6 2031  6 2031  15700.  15700.  17500.  16000.
   4   7 2031  7 2031  16500.  16500.  15300.  16500.
   4   8 2031  8 2031  15500.  15500.  14300.  15300.
   4   9 2031  9 2031  15500.  15500.  14300.  15300.
   4  10 2031 10 2031  15500.  15500.  14300.  15300.
   4  11 2031 11 2031  16500.  16500.  15300.  16000.
   4  12 2031 12 2031  17500.  17500.  16500.  17300.
   4   1 2032  1 2032  15700.  15700.  17500.  16000.
   4   2 2032  2 2032  15700.  15700.  17500.  16000.
   4   3 2032  3 2032  15700.  15700.  17500.  16000.
   4   4 2032  4 2032  15700.  15700.  17500.  16000.
   4   5 2032  5 2032  15700.  15700.  17500.  16000.
   4   6 2032  6 2032  15700.  15700.  17500.  16000.
   4   7 2032  7 2032  16500.  16500.  15300.  16500.
   4   8 2032  8 2032  15500.  15500.  14300.  15300.
   4   9 2032  9 2032  15500.  15500.  14300.  15300.
   4  10 2032 10 2032  15500.  15500.  14300.  15300.
   4  11 2032 11 2032  16500.  16500.  15300.  16000.
   4  12 2032 12 2032  17500.  17500.  16500.  17300.
   4   1 2033  1 2033  15700.  15700.  17500.  16000.
   4   2 2033  2 2033  15700.  15700.  17500.  16000.
   4   3 2033  3 2033  15700.  15700.  17500.  16000.
   4   4 2033  4 2033  15700.  15700.  17500.  16000.
   4   5 2033  5 2033  15700.  15700.  17500.  16000.
   4   6 2033  6 2033  15700.  15700.  17500.  16000.
   4   7 2033  7 2033  16500.  16500.  15300.  16500.
   4   8 2033  8 2033  15500.  15500.  14300.  15300.
   4   9 2033  9 2033  15500.  15500.  14300.  15300.
   4  10 2033 10 2033  15500.  15500.  14300.  15300.
   4  11 2033 11 2033  16500.  16500.  15300.  16000.
   4  12 2033 12 2033  17500.  17500.  16500.  17300.
   4   1 2034  1 2034  15700.  15700.  17500.  16000.
   4   2 2034  2 2034  15700.  15700.  17500.  16000.
   4   3 2034  3 2034  15700.  15700.  17500.  16000.
   4   4 2034  4 2034  15700.  15700.  17500.  16000.
   4   5 2034  5 2034  15700.  15700.  17500.  16000.
   4   6 2034  6 2034  15700.  15700.  17500.  16000.
   4   7 2034  7 2034  16500.  16500.  15300.  16500.
   4   8 2034  8 2034  15500.  15500.  14300.  15300.
   4   9 2034  9 2034  15500.  15500.  14300.  15300.
   4  10 2034 10 2034  15500.  15500.  14300.  15300.
   4  11 2034 11 2034  16500.  16500.  15300.  16000.
   4  12 2034 12 2034  17500.  17500.  16500.  17300.
   4   1 2035  1 2035  15700.  15700.  17500.  16000.
   4   2 2035  2 2035  15700.  15700.  17500.  16000.
   4   3 2035  3 2035  15700.  15700.  17500.  16000.
   4   4 2035  4 2035  15700.  15700.  17500.  16000.
   4   5 2035  5 2035  15700.  15700.  17500.  16000.
   4   6 2035  6 2035  15700.  15700.  17500.  16000.
   4   7 2035  7 2035  16500.  16500.  15300.  16500.
   4   8 2035  8 2035  15500.  15500.  14300.  15300.
   4   9 2035  9 2035  15500.  15500.  14300.  15300.
   4  10 2035 10 2035  15500.  15500.  14300.  15300.
   4  11 2035 11 2035  16500.  16500.  15300.  16000.
   4  12 2035 12 2035  17500.  17500.  16500.  17300.
   4   1 2036  1 2036  16512.  16512.  18312.  16812.
   4   2 2036  2 2036  16512.  16512.  18312.  16812.
   4   3 2036  3 2036  16512.  16512.  18312.  16812.
   4   4 2036  4 2036  16512.  16512.  18312.  16812.
   4   5 2036  5 2036  16512.  16512.  18312.  16812.
   4   6 2036  6 2036  16512.  16512.  18312.  16812.
   4   7 2036  7 2036  17312.  17312.  16112.  17312.
   4   8 2036  8 2036  16312.  16312.  15112.  16112.
   4   9 2036  9 2036  16312.  16312.  15112.  16112.
   4  10 2036 10 2036  16312.  16312.  15112.  16112.
   4  11 2036 11 2036  17312.  17312.  16112.  21812.
   4  12 2036 12 2036  18312.  18312.  17312.  18112.
   5   1 2021  1 2021  11000.  11000.  11000.  10700.
   5   2 2021  2 2021  11000.  11000.  11000.  10700.
   5   3 2021  3 2021  11000.  11000.  11000.  10700.
   5   4 2021  4 2021  11000.  11000.  11000.  10700.
   5   5 2021  5 2021  11000.  11000.  11000.  10700.
   5   6 2021  6 2021  11000.  11000.  11000.  10700.
   5   7 2021  7 2021  11000.  11000.  11000.  10700.
   5   8 2021  8 2021  11000.  11000.  11000.  10700.
   5   9 2021  9 2021  11000.  11000.  11000.  10700.
   5  10 2021 10 2021  11000.  11000.  11000.  10700.
   5  11 2021 11 2021  11000.  11000.  11000.  10700.
   5  12 2021 12 2021  11000.  11000.  11000.  10700.
   5   1 2022  1 2022  13400.  13400.  13400.  12800.
   5   2 2022  2 2022  13400.  13400.  13400.  12800.
   5   3 2022  3 2022  13400.  13400.  13400.  12800.
   5   4 2022  4 2022  13400.  13400.  13400.  12800.
   5   5 2022  5 2022  13400.  13400.  13400.  12800.
   5   6 2022  6 2022  13400.  13400.  13400.  12800.
   5   7 2022  7 2022  13400.  13400.  13400.  12800.
   5   8 2022  8 2022  13400.  13400.  13400.  12800.
   5   9 2022  9 2022  13400.  13400.  13400.  12800.
   5  10 2022 10 2022  13400.  13400.  13400.  12800.
   5  11 2022 11 2022  13400.  13400.  13400.  12800.
   5  12 2022 12 2022  13400.  13400.  13400.  12800.
   5   1 2023  1 2023  13400.  13400.  13400.  12800.
   5   2 2023  2 2023  13400.  13400.  13400.  12800.
   5   3 2023  3 2023  13400.  13400.  13400.  12800.
   5   4 2023  4 2023  13400.  13400.  13400.  12800.
   5   5 2023  5 2023  13400.  13400.  13400.  12800.
   5   6 2023  6 2023  13400.  13400.  13400.  12800.
   5   7 2023  7 2023  13400.  13400.  13400.  12800.
   5   8 2023  8 2023  13400.  13400.  13400.  12800.
   5   9 2023  9 2023  13400.  13400.  13400.  12800.
   5  10 2023 10 2023  13400.  13400.  13400.  12800.
   5  11 2023 11 2023  13400.  13400.  13400.  12800.
   5  12 2023 12 2023  13400.  13400.  13400.  12800.
   5   1 2024  1 2024  13400.  13400.  13400.  12800.
   5   2 2024  2 2024  13400.  13400.  13400.  12800.
   5   3 2024  3 2024  13400.  13400.  13400.  12800.
   5   4 2024  4 2024  13400.  13400.  13400.  12800.
   5   5 2024  5 2024  13400.  13400.  13400.  12800.
   5   6 2024  6 2024  13400.  13400.  13400.  12800.
   5   7 2024  7 2024  13400.  13400.  13400.  12800.
   5   8 2024  8 2024  13400.  13400.  13400.  12800.
   5   9 2024  9 2024  13400.  13400.  13400.  12800.
   5  10 2024 10 2024  13400.  13400.  13400.  12800.
   5  11 2024 11 2024  13400.  13400.  13400.  12800.
   5  12 2024 12 2024  13400.  13400.  13400.  12800.
   5   1 2025  1 2025  13400.  13400.  13400.  12800.
   5   2 2025  2 2025  13400.  13400.  13400.  12800.
   5   3 2025  3 2025  13400.  13400.  13400.  12800.
   5   4 2025  4 2025  13400.  13400.  13400.  12800.
   5   5 2025  5 2025  13400.  13400.  13400.  12800.
   5   6 2025  6 2025  13400.  13400.  13400.  12800.
   5   7 2025  7 2025  13400.  13400.  13400.  12800.
   5   8 2025  8 2025  13400.  13400.  13400.  12800.
   5   9 2025  9 2025  13400.  13400.  13400.  12800.
   5  10 2025 10 2025  13400.  13400.  13400.  12800.
   5  11 2025 11 2025  13400.  13400.  13400.  12800.
   5  12 2025 12 2025  13400.  13400.  13400.  12800.
   5   1 2026  1 2026  13400.  13400.  13400.  12800.
   5   2 2026  2 2026  13400.  13400.  13400.  12800.
   5   3 2026  3 2026  13400.  13400.  13400.  12800.
   5   4 2026  4 2026  13400.  13400.  13400.  12800.
   5   5 2026  5 2026  13400.  13400.  13400.  12800.
   5   6 2026  6 2026  13400.  13400.  13400.  12800.
   5   7 2026  7 2026  13400.  13400.  13400.  12800.
   5   8 2026  8 2026  13400.  13400.  13400.  12800.
   5   9 2026  9 2026  13400.  13400.  13400.  12800.
   5  10 2026 10 2026  13400.  13400.  13400.  12800.
   5  11 2026 11 2026  13400.  13400.  13400.  12800.
   5  12 2026 12 2026  13400.  13400.  13400.  12800.
   5   1 2027  1 2027  13400.  13400.  13400.  12800.
   5   2 2027  2 2027  13400.  13400.  13400.  12800.
   5   3 2027  3 2027  13400.  13400.  13400.  12800.
   5   4 2027  4 2027  13400.  13400.  13400.  12800.
   5   5 2027  5 2027  13400.  13400.  13400.  12800.
   5   6 2027  6 2027  13400.  13400.  13400.  12800.
   5   7 2027  7 2027  13400.  13400.  13400.  12800.
   5   8 2027  8 2027  13400.  13400.  13400.  12800.
   5   9 2027  9 2027  13400.  13400.  13400.  12800.
   5  10 2027 10 2027  13400.  13400.  13400.  12800.
   5  11 2027 11 2027  13400.  13400.  13400.  12800.
   5  12 2027 12 2027  13400.  13400.  13400.  12800.
   5   1 2028  1 2028  13400.  13400.  13400.  12800.
   5   2 2028  2 2028  13400.  13400.  13400.  12800.
   5   3 2028  3 2028  13400.  13400.  13400.  12800.
   5   4 2028  4 2028  13400.  13400.  13400.  12800.
   5   5 2028  5 2028  13400.  13400.  13400.  12800.
   5   6 2028  6 2028  13400.  13400.  13400.  12800.
   5   7 2028  7 2028  13400.  13400.  13400.  12800.
   5   8 2028  8 2028  13400.  13400.  13400.  12800.
   5   9 2028  9 2028  13400.  13400.  13400.  12800.
   5  10 2028 10 2028  13400.  13400.  13400.  12800.
   5  11 2028 11 2028  13400.  13400.  13400.  12800.
   5  12 2028 12 2028  13400.  13400.  13400.  12800.
   5   1 2029  1 2029  13400.  13400.  13400.  12800.
   5   2 2029  2 2029  13400.  13400.  13400.  12800.
   5   3 2029  3 2029  13400.  13400.  13400.  12800.
   5   4 2029  4 2029  13400.  13400.  13400.  12800.
   5   5 2029  5 2029  13400.  13400.  13400.  12800.
   5   6 2029  6 2029  13400.  13400.  13400.  12800.
   5   7 2029  7 2029  13400.  13400.  13400.  12800.
   5   8 2029  8 2029  13400.  13400.  13400.  12800.
   5   9 2029  9 2029  13400.  13400.  13400.  12800.
   5  10 2029 10 2029  13400.  13400.  13400.  12800.
   5  11 2029 11 2029  13400.  13400.  13400.  12800.
   5  12 2029 12 2029  13400.  13400.  13400.  12800.
   5   1 2030  1 2030  13400.  13400.  13400.  12800.
   5   2 2030  2 2030  13400.  13400.  13400.  12800.
   5   3 2030  3 2030  13400.  13400.  13400.  12800.
   5   4 2030  4 2030  13400.  13400.  13400.  12800.
   5   5 2030  5 2030  13400.  13400.  13400.  12800.
   5   6 2030  6 2030  13400.  13400.  13400.  12800.
   5   7 2030  7 2030  13400.  13400.  13400.  12800.
   5   8 2030  8 2030  13400.  13400.  13400.  12800.
   5   9 2030  9 2030  13400.  13400.  13400.  12800.
   5  10 2030 10 2030  13400.  13400.  13400.  12800.
   5  11 2030 11 2030  13400.  13400.  13400.  12800.
   5  12 2030 12 2030  13400.  13400.  13400.  12800.
   5   1 2031  1 2031  13400.  13400.  13400.  12800.
   5   2 2031  2 2031  13400.  13400.  13400.  12800.
   5   3 2031  3 2031  13400.  13400.  13400.  12800.
   5   4 2031  4 2031  13400.  13400.  13400.  12800.
   5   5 2031  5 2031  13400.  13400.  13400.  12800.
   5   6 2031  6 2031  13400.  13400.  13400.  12800.
   5   7 2031  7 2031  13400.  13400.  13400.  12800.
   5   8 2031  8 2031  13400.  13400.  13400.  12800.
   5   9 2031  9 2031  13400.  13400.  13400.  12800.
   5  10 2031 10 2031  13400.  13400.  13400.  12800.
   5  11 2031 11 2031  13400.  13400.  13400.  12800.
   5  12 2031 12 2031  13400.  13400.  13400.  12800.
   5   1 2032  1 2032  13400.  13400.  13400.  12800.
   5   2 2032  2 2032  13400.  13400.  13400.  12800.
   5   3 2032  3 2032  13400.  13400.  13400.  12800.
   5   4 2032  4 2032  13400.  13400.  13400.  12800.
   5   5 2032  5 2032  13400.  13400.  13400.  12800.
   5   6 2032  6 2032  13400.  13400.  13400.  12800.
   5   7 2032  7 2032  13400.  13400.  13400.  12800.
   5   8 2032  8 2032  13400.  13400.  13400.  12800.
   5   9 2032  9 2032  13400.  13400.  13400.  12800.
   5  10 2032 10 2032  13400.  13400.  13400.  12800.
   5  11 2032 11 2032  13400.  13400.  13400.  12800.
   5  12 2032 12 2032  13400.  13400.  13400.  12800.
   5   1 2033  1 2033  13400.  13400.  13400.  12800.
   5   2 2033  2 2033  13400.  13400.  13400.  12800.
   5   3 2033  3 2033  13400.  13400.  13400.  12800.
   5   4 2033  4 2033  13400.  13400.  13400.  12800.
   5   5 2033  5 2033  13400.  13400.  13400.  12800.
   5   6 2033  6 2033  13400.  13400.  13400.  12800.
   5   7 2033  7 2033  13400.  13400.  13400.  12800.
   5   8 2033  8 2033  13400.  13400.  13400.  12800.
   5   9 2033  9 2033  13400.  13400.  13400.  12800.
   5  10 2033 10 2033  13400.  13400.  13400.  12800.
   5  11 2033 11 2033  13400.  13400.  13400.  12800.
   5  12 2033 12 2033  13400.  13400.  13400.  12800.
   5   1 2034  1 2034  13400.  13400.  13400.  12800.
   5   2 2034  2 2034  13400.  13400.  13400.  12800.
   5   3 2034  3 2034  13400.  13400.  13400.  12800.
   5   4 2034  4 2034  13400.  13400.  13400.  12800.
   5   5 2034  5 2034  13400.  13400.  13400.  12800.
   5   6 2034  6 2034  13400.  13400.  13400.  12800.
   5   7 2034  7 2034  13400.  13400.  13400.  12800.
   5   8 2034  8 2034  13400.  13400.  13400.  12800.
   5   9 2034  9 2034  13400.  13400.  13400.  12800.
   5  10 2034 10 2034  13400.  13400.  13400.  12800.
   5  11 2034 11 2034  13400.  13400.  13400.  12800.
   5  12 2034 12 2034  13400.  13400.  13400.  12800.
   5   1 2035  1 2035  13400.  13400.  13400.  12800.
   5   2 2035  2 2035  13400.  13400.  13400.  12800.
   5   3 2035  3 2035  13400.  13400.  13400.  12800.
   5   4 2035  4 2035  13400.  13400.  13400.  12800.
   5   5 2035  5 2035  13400.  13400.  13400.  12800.
   5   6 2035  6 2035  13400.  13400.  13400.  12800.
   5   7 2035  7 2035  13400.  13400.  13400.  12800.
   5   8 2035  8 2035  13400.  13400.  13400.  12800.
   5   9 2035  9 2035  13400.  13400.  13400.  12800.
   5  10 2035 10 2035  13400.  13400.  13400.  12800.
   5  11 2035 11 2035  13400.  13400.  13400.  12800.
   5  12 2035 12 2035  13400.  13400.  13400.  12800.
   5   1 2036  1 2036  13400.  13400.  13400.  12800.
   5   2 2036  2 2036  13400.  13400.  13400.  12800.
   5   3 2036  3 2036  13400.  13400.  13400.  12800.
   5   4 2036  4 2036  13400.  13400.  13400.  12800.
   5   5 2036  5 2036  13400.  13400.  13400.  12800.
   5   6 2036  6 2036  13400.  13400.  13400.  12800.
   5   7 2036  7 2036  13400.  13400.  13400.  12800.
   5   8 2036  8 2036  13400.  13400.  13400.  12800.
   5   9 2036  9 2036  13400.  13400.  13400.  12800.
   5  10 2036 10 2036  13400.  13400.  13400.  12800.
   5  11 2036 11 2036  13400.  13400.  13400.  12800.
   5  12 2036 12 2036  13400.  13400.  13400.  12800.
   6   1 2021  1 2021  14000.  14000.  14000.  13300.
   6   2 2021  2 2021  14000.  14000.  14000.  13300.
   6   3 2021  3 2021  14000.  14000.  14000.  13300.
   6   4 2021  4 2021  14000.  14000.  14000.  13300.
   6   5 2021  5 2021  14000.  14000.  14000.  13300.
   6   6 2021  6 2021  14000.  14000.  14000.  13300.
   6   7 2021  7 2021  14000.  14000.  14000.  13300.
   6   8 2021  8 2021  14000.  14000.  14000.  13300.
   6   9 2021  9 2021  14000.  14000.  14000.  13300.
   6  10 2021 10 2021  14000.  14000.  14000.  13300.
   6  11 2021 11 2021  14000.  14000.  14000.  13300.
   6  12 2021 12 2021  14000.  14000.  14000.  13300.
   6   1 2022  1 2022  17300.  17300.  17300.  17300.
   6   2 2022  2 2022  17300.  17300.  17300.  17300.
   6   3 2022  3 2022  17300.  17300.  17300.  17300.
   6   4 2022  4 2022  17300.  17300.  17300.  17300.
   6   5 2022  5 2022  17300.  17300.  17300.  17300.
   6   6 2022  6 2022  17300.  17300.  17300.  17300.
   6   7 2022  7 2022  17300.  17300.  17300.  17300.
   6   8 2022  8 2022  17300.  17300.  17300.  17300.
   6   9 2022  9 2022  17300.  17300.  17300.  17300.
   6  10 2022 10 2022  17300.  17300.  17300.  17300.
   6  11 2022 11 2022  17300.  17300.  17300.  17300.
   6  12 2022 12 2022  17300.  17300.  17300.  17300.
   6   1 2023  1 2023  17300.  17300.  17300.  17300.
   6   2 2023  2 2023  17300.  17300.  17300.  17300.
   6   3 2023  3 2023  17300.  17300.  17300.  17300.
   6   4 2023  4 2023  17300.  17300.  17300.  17300.
   6   5 2023  5 2023  17300.  17300.  17300.  17300.
   6   6 2023  6 2023  17300.  17300.  17300.  17300.
   6   7 2023  7 2023  17300.  17300.  17300.  17300.
   6   8 2023  8 2023  17300.  17300.  17300.  17300.
   6   9 2023  9 2023  17300.  17300.  17300.  17300.
   6  10 2023 10 2023  17300.  17300.  17300.  17300.
   6  11 2023 11 2023  17300.  17300.  17300.  17300.
   6  12 2023 12 2023  17300.  17300.  17300.  17300.
   6   1 2024  1 2024  17300.  17300.  17300.  17300.
   6   2 2024  2 2024  17300.  17300.  17300.  17300.
   6   3 2024  3 2024  17300.  17300.  17300.  17300.
   6   4 2024  4 2024  17300.  17300.  17300.  17300.
   6   5 2024  5 2024  17300.  17300.  17300.  17300.
   6   6 2024  6 2024  17300.  17300.  17300.  17300.
   6   7 2024  7 2024  17300.  17300.  17300.  17300.
   6   8 2024  8 2024  17300.  17300.  17300.  17300.
   6   9 2024  9 2024  17300.  17300.  17300.  17300.
   6  10 2024 10 2024  17300.  17300.  17300.  17300.
   6  11 2024 11 2024  17300.  17300.  17300.  17300.
   6  12 2024 12 2024  17300.  17300.  17300.  17300.
   6   1 2025  1 2025  17300.  17300.  17300.  17300.
   6   2 2025  2 2025  17300.  17300.  17300.  17300.
   6   3 2025  3 2025  17300.  17300.  17300.  17300.
   6   4 2025  4 2025  17300.  17300.  17300.  17300.
   6   5 2025  5 2025  17300.  17300.  17300.  17300.
   6   6 2025  6 2025  17300.  17300.  17300.  17300.
   6   7 2025  7 2025  17300.  17300.  17300.  17300.
   6   8 2025  8 2025  17300.  17300.  17300.  17300.
   6   9 2025  9 2025  17300.  17300.  17300.  17300.
   6  10 2025 10 2025  17300.  17300.  17300.  17300.
   6  11 2025 11 2025  17300.  17300.  17300.  17300.
   6  12 2025 12 2025  17300.  17300.  17300.  17300.
   6   1 2026  1 2026  17300.  17300.  17300.  17300.
   6   2 2026  2 2026  17300.  17300.  17300.  17300.
   6   3 2026  3 2026  17300.  17300.  17300.  17300.
   6   4 2026  4 2026  17300.  17300.  17300.  17300.
   6   5 2026  5 2026  17300.  17300.  17300.  17300.
   6   6 2026  6 2026  17300.  17300.  17300.  17300.
   6   7 2026  7 2026  17300.  17300.  17300.  17300.
   6   8 2026  8 2026  17300.  17300.  17300.  17300.
   6   9 2026  9 2026  17300.  17300.  17300.  17300.
   6  10 2026 10 2026  17300.  17300.  17300.  17300.
   6  11 2026 11 2026  17300.  17300.  17300.  17300.
   6  12 2026 12 2026  17300.  17300.  17300.  17300.
   6   1 2027  1 2027  17300.  17300.  17300.  17300.
   6   2 2027  2 2027  17300.  17300.  17300.  17300.
   6   3 2027  3 2027  17300.  17300.  17300.  17300.
   6   4 2027  4 2027  17300.  17300.  17300.  17300.
   6   5 2027  5 2027  17300.  17300.  17300.  17300.
   6   6 2027  6 2027  17300.  17300.  17300.  17300.
   6   7 2027  7 2027  17300.  17300.  17300.  17300.
   6   8 2027  8 2027  17300.  17300.  17300.  17300.
   6   9 2027  9 2027  17300.  17300.  17300.  17300.
   6  10 2027 10 2027  17300.  17300.  17300.  17300.
   6  11 2027 11 2027  17300.  17300.  17300.  17300.
   6  12 2027 12 2027  17300.  17300.  17300.  17300.
   6   1 2028  1 2028  17300.  17300.  17300.  17300.
   6   2 2028  2 2028  17300.  17300.  17300.  17300.
   6   3 2028  3 2028  17300.  17300.  17300.  17300.
   6   4 2028  4 2028  17300.  17300.  17300.  17300.
   6   5 2028  5 2028  17300.  17300.  17300.  17300.
   6   6 2028  6 2028  17300.  17300.  17300.  17300.
   6   7 2028  7 2028  17300.  17300.  17300.  17300.
   6   8 2028  8 2028  17300.  17300.  17300.  17300.
   6   9 2028  9 2028  17300.  17300.  17300.  17300.
   6  10 2028 10 2028  17300.  17300.  17300.  17300.
   6  11 2028 11 2028  17300.  17300.  17300.  17300.
   6  12 2028 12 2028  17300.  17300.  17300.  17300.
   6   1 2029  1 2029  17300.  17300.  17300.  17300.
   6   2 2029  2 2029  17300.  17300.  17300.  17300.
   6   3 2029  3 2029  17300.  17300.  17300.  17300.
   6   4 2029  4 2029  17300.  17300.  17300.  17300.
   6   5 2029  5 2029  17300.  17300.  17300.  17300.
   6   6 2029  6 2029  17300.  17300.  17300.  17300.
   6   7 2029  7 2029  17300.  17300.  17300.  17300.
   6   8 2029  8 2029  17300.  17300.  17300.  17300.
   6   9 2029  9 2029  17300.  17300.  17300.  17300.
   6  10 2029 10 2029  17300.  17300.  17300.  17300.
   6  11 2029 11 2029  17300.  17300.  17300.  17300.
   6  12 2029 12 2029  17300.  17300.  17300.  17300.
   6   1 2030  1 2030  17300.  17300.  17300.  17300.
   6   2 2030  2 2030  17300.  17300.  17300.  17300.
   6   3 2030  3 2030  17300.  17300.  17300.  17300.
   6   4 2030  4 2030  17300.  17300.  17300.  17300.
   6   5 2030  5 2030  17300.  17300.  17300.  17300.
   6   6 2030  6 2030  17300.  17300.  17300.  17300.
   6   7 2030  7 2030  17300.  17300.  17300.  17300.
   6   8 2030  8 2030  17300.  17300.  17300.  17300.
   6   9 2030  9 2030  17300.  17300.  17300.  17300.
   6  10 2030 10 2030  17300.  17300.  17300.  17300.
   6  11 2030 11 2030  17300.  17300.  17300.  17300.
   6  12 2030 12 2030  17300.  17300.  17300.  17300.
   6   1 2031  1 2031  17300.  17300.  17300.  17300.
   6   2 2031  2 2031  17300.  17300.  17300.  17300.
   6   3 2031  3 2031  17300.  17300.  17300.  17300.
   6   4 2031  4 2031  17300.  17300.  17300.  17300.
   6   5 2031  5 2031  17300.  17300.  17300.  17300.
   6   6 2031  6 2031  17300.  17300.  17300.  17300.
   6   7 2031  7 2031  17300.  17300.  17300.  17300.
   6   8 2031  8 2031  17300.  17300.  17300.  17300.
   6   9 2031  9 2031  17300.  17300.  17300.  17300.
   6  10 2031 10 2031  17300.  17300.  17300.  17300.
   6  11 2031 11 2031  17300.  17300.  17300.  17300.
   6  12 2031 12 2031  17300.  17300.  17300.  17300.
   6   1 2032  1 2032  17300.  17300.  17300.  17300.
   6   2 2032  2 2032  17300.  17300.  17300.  17300.
   6   3 2032  3 2032  17300.  17300.  17300.  17300.
   6   4 2032  4 2032  17300.  17300.  17300.  17300.
   6   5 2032  5 2032  17300.  17300.  17300.  17300.
   6   6 2032  6 2032  17300.  17300.  17300.  17300.
   6   7 2032  7 2032  17300.  17300.  17300.  17300.
   6   8 2032  8 2032  17300.  17300.  17300.  17300.
   6   9 2032  9 2032  17300.  17300.  17300.  17300.
   6  10 2032 10 2032  17300.  17300.  17300.  17300.
   6  11 2032 11 2032  17300.  17300.  17300.  17300.
   6  12 2032 12 2032  17300.  17300.  17300.  17300.
   6   1 2033  1 2033  17300.  17300.  17300.  17300.
   6   2 2033  2 2033  17300.  17300.  17300.  17300.
   6   3 2033  3 2033  17300.  17300.  17300.  17300.
   6   4 2033  4 2033  17300.  17300.  17300.  17300.
   6   5 2033  5 2033  17300.  17300.  17300.  17300.
   6   6 2033  6 2033  17300.  17300.  17300.  17300.
   6   7 2033  7 2033  17300.  17300.  17300.  17300.
   6   8 2033  8 2033  17300.  17300.  17300.  17300.
   6   9 2033  9 2033  17300.  17300.  17300.  17300.
   6  10 2033 10 2033  17300.  17300.  17300.  17300.
   6  11 2033 11 2033  17300.  17300.  17300.  17300.
   6  12 2033 12 2033  17300.  17300.  17300.  17300.
   6   1 2034  1 2034  17300.  17300.  17300.  17300.
   6   2 2034  2 2034  17300.  17300.  17300.  17300.
   6   3 2034  3 2034  17300.  17300.  17300.  17300.
   6   4 2034  4 2034  17300.  17300.  17300.  17300.
   6   5 2034  5 2034  17300.  17300.  17300.  17300.
   6   6 2034  6 2034  17300.  17300.  17300.  17300.
   6   7 2034  7 2034  17300.  17300.  17300.  17300.
   6   8 2034  8 2034  17300.  17300.  17300.  17300.
   6   9 2034  9 2034  17300.  17300.  17300.  17300.
   6  10 2034 10 2034  17300.  17300.  17300.  17300.
   6  11 2034 11 2034  17300.  17300.  17300.  17300.
   6  12 2034 12 2034  17300.  17300.  17300.  17300.
   6   1 2035  1 2035  17300.  17300.  17300.  17300.
   6   2 2035  2 2035  17300.  17300.  17300.  17300.
   6   3 2035  3 2035  17300.  17300.  17300.  17300.
   6   4 2035  4 2035  17300.  17300.  17300.  17300.
   6   5 2035  5 2035  17300.  17300.  17300.  17300.
   6   6 2035  6 2035  17300.  17300.  17300.  17300.
   6   7 2035  7 2035  17300.  17300.  17300.  17300.
   6   8 2035  8 2035  17300.  17300.  17300.  17300.
   6   9 2035  9 2035  17300.  17300.  17300.  17300.
   6  10 2035 10 2035  17300.  17300.  17300.  17300.
   6  11 2035 11 2035  17300.  17300.  17300.  17300.
   6  12 2035 12 2035  17300.  17300.  17300.  17300.
   6   1 2036  1 2036  17300.  17300.  17300.  17300.
   6   2 2036  2 2036  17300.  17300.  17300.  17300.
   6   3 2036  3 2036  17300.  17300.  17300.  17300.
   6   4 2036  4 2036  17300.  17300.  17300.  17300.
   6   5 2036  5 2036  17300.  17300.  17300.  17300.
   6   6 2036  6 2036  17300.  17300.  17300.  17300.
   6   7 2036  7 2036  17300.  17300.  17300.  17300.
   6   8 2036  8 2036  17300.  17300.  17300.  17300.
   6   9 2036  9 2036  17300.  17300.  17300.  17300.
   6  10 2036 10 2036  17300.  17300.  17300.  17300.
   6  11 2036 11 2036  17300.  17300.  17300.  17300.
   6  12 2036 12 2036  17300.  17300.  17300.  17300.
   7   1 2021  1 2021  99999.  99999.  99999.  99999.
   7   2 2021  2 2021  99999.  99999.  99999.  99999.
   7   3 2021  3 2021  99999.  99999.  99999.  99999.
   7   4 2021  4 2021  99999.  99999.  99999.  99999.
   7   5 2021  5 2021  99999.  99999.  99999.  99999.
   7   6 2021  6 2021  99999.  99999.  99999.  99999.
   7   7 2021  7 2021  99999.  99999.  99999.  99999.
   7   8 2021  8 2021  99999.  99999.  99999.  99999.
   7   9 2021  9 2021  99999.  99999.  99999.  99999.
   7  10 2021 10 2021  99999.  99999.  99999.  99999.
   7  11 2021 11 2021  99999.  99999.  99999.  99999.
   7  12 2021 12 2021  99999.  99999.  99999.  99999.
   7   1 2022  1 2022  99999.  99999.  99999.  99999.
   7   2 2022  2 2022  99999.  99999.  99999.  99999.
   7   3 2022  3 2022  99999.  99999.  99999.  99999.
   7   4 2022  4 2022  99999.  99999.  99999.  99999.
   7   5 2022  5 2022  99999.  99999.  99999.  99999.
   7   6 2022  6 2022  99999.  99999.  99999.  99999.
   7   7 2022  7 2022  99999.  99999.  99999.  99999.
   7   8 2022  8 2022  99999.  99999.  99999.  99999.
   7   9 2022  9 2022  99999.  99999.  99999.  99999.
   7  10 2022 10 2022  99999.  99999.  99999.  99999.
   7  11 2022 11 2022  99999.  99999.  99999.  99999.
   7  12 2022 12 2022  99999.  99999.  99999.  99999.
   7   1 2023  1 2023  99999.  99999.  99999.  99999.
   7   2 2023  2 2023  99999.  99999.  99999.  99999.
   7   3 2023  3 2023  99999.  99999.  99999.  99999.
   7   4 2023  4 2023  99999.  99999.  99999.  99999.
   7   5 2023  5 2023  99999.  99999.  99999.  99999.
   7   6 2023  6 2023  99999.  99999.  99999.  99999.
   7   7 2023  7 2023  99999.  99999.  99999.  99999.
   7   8 2023  8 2023  99999.  99999.  99999.  99999.
   7   9 2023  9 2023  99999.  99999.  99999.  99999.
   7  10 2023 10 2023  99999.  99999.  99999.  99999.
   7  11 2023 11 2023  99999.  99999.  99999.  99999.
   7  12 2023 12 2023  99999.  99999.  99999.  99999.
   7   1 2024  1 2024  99999.  99999.  99999.  99999.
   7   2 2024  2 2024  99999.  99999.  99999.  99999.
   7   3 2024  3 2024  99999.  99999.  99999.  99999.
   7   4 2024  4 2024  99999.  99999.  99999.  99999.
   7   5 2024  5 2024  99999.  99999.  99999.  99999.
   7   6 2024  6 2024  99999.  99999.  99999.  99999.
   7   7 2024  7 2024  99999.  99999.  99999.  99999.
   7   8 2024  8 2024  99999.  99999.  99999.  99999.
   7   9 2024  9 2024  99999.  99999.  99999.  99999.
   7  10 2024 10 2024  99999.  99999.  99999.  99999.
   7  11 2024 11 2024  99999.  99999.  99999.  99999.
   7  12 2024 12 2024  99999.  99999.  99999.  99999.
   7   1 2025  1 2025  99999.  99999.  99999.  99999.
   7   2 2025  2 2025  99999.  99999.  99999.  99999.
   7   3 2025  3 2025  99999.  99999.  99999.  99999.
   7   4 2025  4 2025  99999.  99999.  99999.  99999.
   7   5 2025  5 2025  99999.  99999.  99999.  99999.
   7   6 2025  6 2025  99999.  99999.  99999.  99999.
   7   7 2025  7 2025  99999.  99999.  99999.  99999.
   7   8 2025  8 2025  99999.  99999.  99999.  99999.
   7   9 2025  9 2025  99999.  99999.  99999.  99999.
   7  10 2025 10 2025  99999.  99999.  99999.  99999.
   7  11 2025 11 2025  99999.  99999.  99999.  99999.
   7  12 2025 12 2025  99999.  99999.  99999.  99999.
   7   1 2026  1 2026  99999.  99999.  99999.  99999.
   7   2 2026  2 2026  99999.  99999.  99999.  99999.
   7   3 2026  3 2026  99999.  99999.  99999.  99999.
   7   4 2026  4 2026  99999.  99999.  99999.  99999.
   7   5 2026  5 2026  99999.  99999.  99999.  99999.
   7   6 2026  6 2026  99999.  99999.  99999.  99999.
   7   7 2026  7 2026  99999.  99999.  99999.  99999.
   7   8 2026  8 2026  99999.  99999.  99999.  99999.
   7   9 2026  9 2026  99999.  99999.  99999.  99999.
   7  10 2026 10 2026  99999.  99999.  99999.  99999.
   7  11 2026 11 2026  99999.  99999.  99999.  99999.
   7  12 2026 12 2026  99999.  99999.  99999.  99999.
   7   1 2027  1 2027  99999.  99999.  99999.  99999.
   7   2 2027  2 2027  99999.  99999.  99999.  99999.
   7   3 2027  3 2027  99999.  99999.  99999.  99999.
   7   4 2027  4 2027  99999.  99999.  99999.  99999.
   7   5 2027  5 2027  99999.  99999.  99999.  99999.
   7   6 2027  6 2027  99999.  99999.  99999.  99999.
   7   7 2027  7 2027  99999.  99999.  99999.  99999.
   7   8 2027  8 2027  99999.  99999.  99999.  99999.
   7   9 2027  9 2027  99999.  99999.  99999.  99999.
   7  10 2027 10 2027  99999.  99999.  99999.  99999.
   7  11 2027 11 2027  99999.  99999.  99999.  99999.
   7  12 2027 12 2027  99999.  99999.  99999.  99999.
   7   1 2028  1 2028  99999.  99999.  99999.  99999.
   7   2 2028  2 2028  99999.  99999.  99999.  99999.
   7   3 2028  3 2028  99999.  99999.  99999.  99999.
   7   4 2028  4 2028  99999.  99999.  99999.  99999.
   7   5 2028  5 2028  99999.  99999.  99999.  99999.
   7   6 2028  6 2028  99999.  99999.  99999.  99999.
   7   7 2028  7 2028  99999.  99999.  99999.  99999.
   7   8 2028  8 2028  99999.  99999.  99999.  99999.
   7   9 2028  9 2028  99999.  99999.  99999.  99999.
   7  10 2028 10 2028  99999.  99999.  99999.  99999.
   7  11 2028 11 2028  99999.  99999.  99999.  99999.
   7  12 2028 12 2028  99999.  99999.  99999.  99999.
   7   1 2029  1 2029  99999.  99999.  99999.  99999.
   7   2 2029  2 2029  99999.  99999.  99999.  99999.
   7   3 2029  3 2029  99999.  99999.  99999.  99999.
   7   4 2029  4 2029  99999.  99999.  99999.  99999.
   7   5 2029  5 2029  99999.  99999.  99999.  99999.
   7   6 2029  6 2029  99999.  99999.  99999.  99999.
   7   7 2029  7 2029  99999.  99999.  99999.  99999.
   7   8 2029  8 2029  99999.  99999.  99999.  99999.
   7   9 2029  9 2029  99999.  99999.  99999.  99999.
   7  10 2029 10 2029  99999.  99999.  99999.  99999.
   7  11 2029 11 2029  99999.  99999.  99999.  99999.
   7  12 2029 12 2029  99999.  99999.  99999.  99999.
   7   1 2030  1 2030  99999.  99999.  99999.  99999.
   7   2 2030  2 2030  99999.  99999.  99999.  99999.
   7   3 2030  3 2030  99999.  99999.  99999.  99999.
   7   4 2030  4 2030  99999.  99999.  99999.  99999.
   7   5 2030  5 2030  99999.  99999.  99999.  99999.
   7   6 2030  6 2030  99999.  99999.  99999.  99999.
   7   7 2030  7 2030  99999.  99999.  99999.  99999.
   7   8 2030  8 2030  99999.  99999.  99999.  99999.
   7   9 2030  9 2030  99999.  99999.  99999.  99999.
   7  10 2030 10 2030  99999.  99999.  99999.  99999.
   7  11 2030 11 2030  99999.  99999.  99999.  99999.
   7  12 2030 12 2030  99999.  99999.  99999.  99999.
   7   1 2031  1 2031  99999.  99999.  99999.  99999.
   7   2 2031  2 2031  99999.  99999.  99999.  99999.
   7   3 2031  3 2031  99999.  99999.  99999.  99999.
   7   4 2031  4 2031  99999.  99999.  99999.  99999.
   7   5 2031  5 2031  99999.  99999.  99999.  99999.
   7   6 2031  6 2031  99999.  99999.  99999.  99999.
   7   7 2031  7 2031  99999.  99999.  99999.  99999.
   7   8 2031  8 2031  99999.  99999.  99999.  99999.
   7   9 2031  9 2031  99999.  99999.  99999.  99999.
   7  10 2031 10 2031  99999.  99999.  99999.  99999.
   7  11 2031 11 2031  99999.  99999.  99999.  99999.
   7  12 2031 12 2031  99999.  99999.  99999.  99999.
   7   1 2032  1 2032  99999.  99999.  99999.  99999.
   7   2 2032  2 2032  99999.  99999.  99999.  99999.
   7   3 2032  3 2032  99999.  99999.  99999.  99999.
   7   4 2032  4 2032  99999.  99999.  99999.  99999.
   7   5 2032  5 2032  99999.  99999.  99999.  99999.
   7   6 2032  6 2032  99999.  99999.  99999.  99999.
   7   7 2032  7 2032  99999.  99999.  99999.  99999.
   7   8 2032  8 2032  99999.  99999.  99999.  99999.
   7   9 2032  9 2032  99999.  99999.  99999.  99999.
   7  10 2032 10 2032  99999.  99999.  99999.  99999.
   7  11 2032 11 2032  99999.  99999.  99999.  99999.
   7  12 2032 12 2032  99999.  99999.  99999.  99999.
   7   1 2033  1 2033  99999.  99999.  99999.  99999.
   7   2 2033  2 2033  99999.  99999.  99999.  99999.
   7   3 2033  3 2033  99999.  99999.  99999.  99999.
   7   4 2033  4 2033  99999.  99999.  99999.  99999.
   7   5 2033  5 2033  99999.  99999.  99999.  99999.
   7   6 2033  6 2033  99999.  99999.  99999.  99999.
   7   7 2033  7 2033  99999.  99999.  99999.  99999.
   7   8 2033  8 2033  99999.  99999.  99999.  99999.
   7   9 2033  9 2033  99999.  99999.  99999.  99999.
   7  10 2033 10 2033  99999.  99999.  99999.  99999.
   7  11 2033 11 2033  99999.  99999.  99999.  99999.
   7  12 2033 12 2033  99999.  99999.  99999.  99999.
   7   1 2034  1 2034  99999.  99999.  99999.  99999.
   7   2 2034  2 2034  99999.  99999.  99999.  99999.
   7   3 2034  3 2034  99999.  99999.  99999.  99999.
   7   4 2034  4 2034  99999.  99999.  99999.  99999.
   7   5 2034  5 2034  99999.  99999.  99999.  99999.
   7   6 2034  6 2034  99999.  99999.  99999.  99999.
   7   7 2034  7 2034  99999.  99999.  99999.  99999.
   7   8 2034  8 2034  99999.  99999.  99999.  99999.
   7   9 2034  9 2034  99999.  99999.  99999.  99999.
   7  10 2034 10 2034  99999.  99999.  99999.  99999.
   7  11 2034 11 2034  99999.  99999.  99999.  99999.
   7  12 2034 12 2034  99999.  99999.  99999.  99999.
   7   1 2035  1 2035  99999.  99999.  99999.  99999.
   7   2 2035  2 2035  99999.  99999.  99999.  99999.
   7   3 2035  3 2035  99999.  99999.  99999.  99999.
   7   4 2035  4 2035  99999.  99999.  99999.  99999.
   7   5 2035  5 2035  99999.  99999.  99999.  99999.
   7   6 2035  6 2035  99999.  99999.  99999.  99999.
   7   7 2035  7 2035  99999.  99999.  99999.  99999.
   7   8 2035  8 2035  99999.  99999.  99999.  99999.
   7   9 2035  9 2035  99999.  99999.  99999.  99999.
   7  10 2035 10 2035  99999.  99999.  99999.  99999.
   7  11 2035 11 2035  99999.  99999.  99999.  99999.
   7  12 2035 12 2035  99999.  99999.  99999.  99999.
   7   1 2036  1 2036  99999.  99999.  99999.  99999.
   7   2 2036  2 2036  99999.  99999.  99999.  99999.
   7   3 2036  3 2036  99999.  99999.  99999.  99999.
   7   4 2036  4 2036  99999.  99999.  99999.  99999.
   7   5 2036  5 2036  99999.  99999.  99999.  99999.
   7   6 2036  6 2036  99999.  99999.  99999.  99999.
   7   7 2036  7 2036  99999.  99999.  99999.  99999.
   7   8 2036  8 2036  99999.  99999.  99999.  99999.
   7   9 2036  9 2036  99999.  99999.  99999.  99999.
   7  10 2036 10 2036  99999.  99999.  99999.  99999.
   7  11 2036 11 2036  99999.  99999.  99999.  99999.
   7  12 2036 12 2036  99999.  99999.  99999.  99999.
   8   1 2021  1 2021   5400.   5400.   5400.   5000.
   8   2 2021  2 2021   5400.   5400.   5400.   5000.
   8   3 2021  3 2021   5400.   5400.   5400.   5000.
   8   4 2021  4 2021   5400.   5400.   5400.   5000.
   8   5 2021  5 2021   5400.   5400.   5400.   5000.
   8   6 2021  6 2021   5400.   5400.   5400.   5000.
   8   7 2021  7 2021   5400.   5400.   5400.   5000.
   8   8 2021  8 2021   5400.   5400.   5400.   5000.
   8   9 2021  9 2021   5400.   5400.   5400.   5000.
   8  10 2021 10 2021   5400.   5400.   5400.   5000.
   8  11 2021 11 2021   5400.   5400.   5400.   5000.
   8  12 2021 12 2021   5400.   5400.   5400.   5000.
   8   1 2022  1 2022   6400.   6400.   6400.   5700.
   8   2 2022  2 2022   6400.   6400.   6400.   5700.
   8   3 2022  3 2022   6400.   6400.   6400.   5700.
   8   4 2022  4 2022   6400.   6400.   6400.   5700.
   8   5 2022  5 2022   6400.   6400.   6400.   5700.
   8   6 2022  6 2022   6400.   6400.   6400.   5700.
   8   7 2022  7 2022   6400.   6400.   6400.   5700.
   8   8 2022  8 2022   6400.   6400.   6400.   5700.
   8   9 2022  9 2022   6400.   6400.   6400.   5700.
   8  10 2022 10 2022   6400.   6400.   6400.   5700.
   8  11 2022 11 2022   6400.   6400.   6400.   5700.
   8  12 2022 12 2022   6400.   6400.   6400.   5700.
   8   1 2023  1 2023   6400.   6400.   6400.   5700.
   8   2 2023  2 2023   6400.   6400.   6400.   5700.
   8   3 2023  3 2023   6400.   6400.   6400.   5700.
   8   4 2023  4 2023   6400.   6400.   6400.   5700.
   8   5 2023  5 2023   6400.   6400.   6400.   5700.
   8   6 2023  6 2023   6400.   6400.   6400.   5700.
   8   7 2023  7 2023   6400.   6400.   6400.   5700.
   8   8 2023  8 2023   6400.   6400.   6400.   5700.
   8   9 2023  9 2023   6400.   6400.   6400.   5700.
   8  10 2023 10 2023   6400.   6400.   6400.   5700.
   8  11 2023 11 2023   6400.   6400.   6400.   5700.
   8  12 2023 12 2023   6400.   6400.   6400.   5700.
   8   1 2024  1 2024   6400.   6400.   6400.   5700.
   8   2 2024  2 2024   6400.   6400.   6400.   5700.
   8   3 2024  3 2024   6400.   6400.   6400.   5700.
   8   4 2024  4 2024   6400.   6400.   6400.   5700.
   8   5 2024  5 2024   6400.   6400.   6400.   5700.
   8   6 2024  6 2024   6400.   6400.   6400.   5700.
   8   7 2024  7 2024   6400.   6400.   6400.   5700.
   8   8 2024  8 2024   6400.   6400.   6400.   5700.
   8   9 2024  9 2024   6400.   6400.   6400.   5700.
   8  10 2024 10 2024   6400.   6400.   6400.   5700.
   8  11 2024 11 2024   6400.   6400.   6400.   5700.
   8  12 2024 12 2024   6400.   6400.   6400.   5700.
   8   1 2025  1 2025   6400.   6400.   6400.   5700.
   8   2 2025  2 2025   6400.   6400.   6400.   5700.
   8   3 2025  3 2025   6400.   6400.   6400.   5700.
   8   4 2025  4 2025   6400.   6400.   6400.   5700.
   8   5 2025  5 2025   6400.   6400.   6400.   5700.
   8   6 2025  6 2025   6400.   6400.   6400.   5700.
   8   7 2025  7 2025   6400.   6400.   6400.   5700.
   8   8 2025  8 2025   6400.   6400.   6400.   5700.
   8   9 2025  9 2025   6400.   6400.   6400.   5700.
   8  10 2025 10 2025   6400.   6400.   6400.   5700.
   8  11 2025 11 2025   6400.   6400.   6400.   5700.
   8  12 2025 12 2025   6400.   6400.   6400.   5700.
   8   1 2026  1 2026   6400.   6400.   6400.   5700.
   8   2 2026  2 2026   6400.   6400.   6400.   5700.
   8   3 2026  3 2026   6400.   6400.   6400.   5700.
   8   4 2026  4 2026   6400.   6400.   6400.   5700.
   8   5 2026  5 2026   6400.   6400.   6400.   5700.
   8   6 2026  6 2026   6400.   6400.   6400.   5700.
   8   7 2026  7 2026   6400.   6400.   6400.   5700.
   8   8 2026  8 2026   6400.   6400.   6400.   5700.
   8   9 2026  9 2026   6400.   6400.   6400.   5700.
   8  10 2026 10 2026   6400.   6400.   6400.   5700.
   8  11 2026 11 2026   6400.   6400.   6400.   5700.
   8  12 2026 12 2026   6400.   6400.   6400.   5700.
   8   1 2027  1 2027   6400.   6400.   6400.   5700.
   8   2 2027  2 2027   6400.   6400.   6400.   5700.
   8   3 2027  3 2027   6400.   6400.   6400.   5700.
   8   4 2027  4 2027   6400.   6400.   6400.   5700.
   8   5 2027  5 2027   6400.   6400.   6400.   5700.
   8   6 2027  6 2027   6400.   6400.   6400.   5700.
   8   7 2027  7 2027   6400.   6400.   6400.   5700.
   8   8 2027  8 2027   6400.   6400.   6400.   5700.
   8   9 2027  9 2027   6400.   6400.   6400.   5700.
   8  10 2027 10 2027   6400.   6400.   6400.   5700.
   8  11 2027 11 2027   6400.   6400.   6400.   5700.
   8  12 2027 12 2027   6400.   6400.   6400.   5700.
   8   1 2028  1 2028   6400.   6400.   6400.   5700.
   8   2 2028  2 2028   6400.   6400.   6400.   5700.
   8   3 2028  3 2028   6400.   6400.   6400.   5700.
   8   4 2028  4 2028   6400.   6400.   6400.   5700.
   8   5 2028  5 2028   6400.   6400.   6400.   5700.
   8   6 2028  6 2028   6400.   6400.   6400.   5700.
   8   7 2028  7 2028   6400.   6400.   6400.   5700.
   8   8 2028  8 2028   6400.   6400.   6400.   5700.
   8   9 2028  9 2028   6400.   6400.   6400.   5700.
   8  10 2028 10 2028   6400.   6400.   6400.   5700.
   8  11 2028 11 2028   6400.   6400.   6400.   5700.
   8  12 2028 12 2028   6400.   6400.   6400.   5700.
   8   1 2029  1 2029   6400.   6400.   6400.   5700.
   8   2 2029  2 2029   6400.   6400.   6400.   5700.
   8   3 2029  3 2029   6400.   6400.   6400.   5700.
   8   4 2029  4 2029   6400.   6400.   6400.   5700.
   8   5 2029  5 2029   6400.   6400.   6400.   5700.
   8   6 2029  6 2029   6400.   6400.   6400.   5700.
   8   7 2029  7 2029   6400.   6400.   6400.   5700.
   8   8 2029  8 2029   6400.   6400.   6400.   5700.
   8   9 2029  9 2029   6400.   6400.   6400.   5700.
   8  10 2029 10 2029   6400.   6400.   6400.   5700.
   8  11 2029 11 2029   6400.   6400.   6400.   5700.
   8  12 2029 12 2029   6400.   6400.   6400.   5700.
   8   1 2030  1 2030   6400.   6400.   6400.   5700.
   8   2 2030  2 2030   6400.   6400.   6400.   5700.
   8   3 2030  3 2030   6400.   6400.   6400.   5700.
   8   4 2030  4 2030   6400.   6400.   6400.   5700.
   8   5 2030  5 2030   6400.   6400.   6400.   5700.
   8   6 2030  6 2030   6400.   6400.   6400.   5700.
   8   7 2030  7 2030   6400.   6400.   6400.   5700.
   8   8 2030  8 2030   6400.   6400.   6400.   5700.
   8   9 2030  9 2030   6400.   6400.   6400.   5700.
   8  10 2030 10 2030   6400.   6400.   6400.   5700.
   8  11 2030 11 2030   6400.   6400.   6400.   5700.
   8  12 2030 12 2030   6400.   6400.   6400.   5700.
   8   1 2031  1 2031   6400.   6400.   6400.   5700.
   8   2 2031  2 2031   6400.   6400.   6400.   5700.
   8   3 2031  3 2031   6400.   6400.   6400.   5700.
   8   4 2031  4 2031   6400.   6400.   6400.   5700.
   8   5 2031  5 2031   6400.   6400.   6400.   5700.
   8   6 2031  6 2031   6400.   6400.   6400.   5700.
   8   7 2031  7 2031   6400.   6400.   6400.   5700.
   8   8 2031  8 2031   6400.   6400.   6400.   5700.
   8   9 2031  9 2031   6400.   6400.   6400.   5700.
   8  10 2031 10 2031   6400.   6400.   6400.   5700.
   8  11 2031 11 2031   6400.   6400.   6400.   5700.
   8  12 2031 12 2031   6400.   6400.   6400.   5700.
   8   1 2032  1 2032   6400.   6400.   6400.   5700.
   8   2 2032  2 2032   6400.   6400.   6400.   5700.
   8   3 2032  3 2032   6400.   6400.   6400.   5700.
   8   4 2032  4 2032   6400.   6400.   6400.   5700.
   8   5 2032  5 2032   6400.   6400.   6400.   5700.
   8   6 2032  6 2032   6400.   6400.   6400.   5700.
   8   7 2032  7 2032   6400.   6400.   6400.   5700.
   8   8 2032  8 2032   6400.   6400.   6400.   5700.
   8   9 2032  9 2032   6400.   6400.   6400.   5700.
   8  10 2032 10 2032   6400.   6400.   6400.   5700.
   8  11 2032 11 2032   6400.   6400.   6400.   5700.
   8  12 2032 12 2032   6400.   6400.   6400.   5700.
   8   1 2033  1 2033   6400.   6400.   6400.   5700.
   8   2 2033  2 2033   6400.   6400.   6400.   5700.
   8   3 2033  3 2033   6400.   6400.   6400.   5700.
   8   4 2033  4 2033   6400.   6400.   6400.   5700.
   8   5 2033  5 2033   6400.   6400.   6400.   5700.
   8   6 2033  6 2033   6400.   6400.   6400.   5700.
   8   7 2033  7 2033   6400.   6400.   6400.   5700.
   8   8 2033  8 2033   6400.   6400.   6400.   5700.
   8   9 2033  9 2033   6400.   6400.   6400.   5700.
   8  10 2033 10 2033   6400.   6400.   6400.   5700.
   8  11 2033 11 2033   6400.   6400.   6400.   5700.
   8  12 2033 12 2033   6400.   6400.   6400.   5700.
   8   1 2034  1 2034   6400.   6400.   6400.   5700.
   8   2 2034  2 2034   6400.   6400.   6400.   5700.
   8   3 2034  3 2034   6400.   6400.   6400.   5700.
   8   4 2034  4 2034   6400.   6400.   6400.   5700.
   8   5 2034  5 2034   6400.   6400.   6400.   5700.
   8   6 2034  6 2034   6400.   6400.   6400.   5700.
   8   7 2034  7 2034   6400.   6400.   6400.   5700.
   8   8 2034  8 2034   6400.   6400.   6400.   5700.
   8   9 2034  9 2034   6400.   6400.   6400.   5700.
   8  10 2034 10 2034   6400.   6400.   6400.   5700.
   8  11 2034 11 2034   6400.   6400.   6400.   5700.
   8  12 2034 12 2034   6400.   6400.   6400.   5700.
   8   1 2035  1 2035   6400.   6400.   6400.   5700.
   8   2 2035  2 2035   6400.   6400.   6400.   5700.
   8   3 2035  3 2035   6400.   6400.   6400.   5700.
   8   4 2035  4 2035   6400.   6400.   6400.   5700.
   8   5 2035  5 2035   6400.   6400.   6400.   5700.
   8   6 2035  6 2035   6400.   6400.   6400.   5700.
   8   7 2035  7 2035   6400.   6400.   6400.   5700.
   8   8 2035  8 2035   6400.   6400.   6400.   5700.
   8   9 2035  9 2035   6400.   6400.   6400.   5700.
   8  10 2035 10 2035   6400.   6400.   6400.   5700.
   8  11 2035 11 2035   6400.   6400.   6400.   5700.
   8  12 2035 12 2035   6400.   6400.   6400.   5700.
   8   1 2036  1 2036   6400.   6400.   6400.   5700.
   8   2 2036  2 2036   6400.   6400.   6400.   5700.
   8   3 2036  3 2036   6400.   6400.   6400.   5700.
   8   4 2036  4 2036   6400.   6400.   6400.   5700.
   8   5 2036  5 2036   6400.   6400.   6400.   5700.
   8   6 2036  6 2036   6400.   6400.   6400.   5700.
   8   7 2036  7 2036   6400.   6400.   6400.   5700.
   8   8 2036  8 2036   6400.   6400.   6400.   5700.
   8   9 2036  9 2036   6400.   6400.   6400.   5700.
   8  10 2036 10 2036   6400.   6400.   6400.   5700.
   8  11 2036 11 2036   6400.   6400.   6400.   5700.
   8  12 2036 12 2036   6400.   6400.   6400.   5700.
  12   1 2021  1 2021   2500.   2500.   2500.   2500.
  12   2 2021  2 2021   2500.   2500.   2500.   2500.
  12   3 2021  3 2021   2500.   2500.   2500.   2500.
  12   4 2021  4 2021   2500.   2500.   2500.   2500.
  12   5 2021  5 2021   2500.   2500.   2500.   2500.
  12   6 2021  6 2021   2500.   2500.   2500.   2500.
  12   7 2021  7 2021   2500.   2500.   2500.   2500.
  12   8 2021  8 2021   2500.   2500.   2500.   2500.
  12   9 2021  9 2021   2500.   2500.   2500.   2500.
  12  10 2021 10 2021   2500.   2500.   2500.   2500.
  12  11 2021 11 2021   2500.   2500.   2500.   2500.
  12  12 2021 12 2021   2500.   2500.   2500.   2500.
  12   1 2022  1 2022   4000.   4000.   4000.   4000.
  12   2 2022  2 2022   4000.   4000.   4000.   4000.
  12   3 2022  3 2022   4000.   4000.   4000.   4000.
  12   4 2022  4 2022   4000.   4000.   4000.   4000.
  12   5 2022  5 2022   4000.   4000.   4000.   4000.
  12   6 2022  6 2022   4000.   4000.   4000.   4000.
  12   7 2022  7 2022   4000.   4000.   4000.   4000.
  12   8 2022  8 2022   4000.   4000.   4000.   4000.
  12   9 2022  9 2022   4000.   4000.   4000.   4000.
  12  10 2022 10 2022   4000.   4000.   4000.   4000.
  12  11 2022 11 2022   4000.   4000.   4000.   4000.
  12  12 2022 12 2022   4000.   4000.   4000.   4000.
  12   1 2023  1 2023   4000.   4000.   4000.   4000.
  12   2 2023  2 2023   4000.   4000.   4000.   4000.
  12   3 2023  3 2023   4000.   4000.   4000.   4000.
  12   4 2023  4 2023   4000.   4000.   4000.   4000.
  12   5 2023  5 2023   4000.   4000.   4000.   4000.
  12   6 2023  6 2023   4000.   4000.   4000.   4000.
  12   7 2023  7 2023   4000.   4000.   4000.   4000.
  12   8 2023  8 2023   4000.   4000.   4000.   4000.
  12   9 2023  9 2023   4000.   4000.   4000.   4000.
  12  10 2023 10 2023   4000.   4000.   4000.   4000.
  12  11 2023 11 2023   4000.   4000.   4000.   4000.
  12  12 2023 12 2023   4000.   4000.   4000.   4000.
  12   1 2024  1 2024   4000.   4000.   4000.   4000.
  12   2 2024  2 2024   4000.   4000.   4000.   4000.
  12   3 2024  3 2024   4000.   4000.   4000.   4000.
  12   4 2024  4 2024   4000.   4000.   4000.   4000.
  12   5 2024  5 2024   4000.   4000.   4000.   4000.
  12   6 2024  6 2024   4000.   4000.   4000.   4000.
  12   7 2024  7 2024   4000.   4000.   4000.   4000.
  12   8 2024  8 2024   4000.   4000.   4000.   4000.
  12   9 2024  9 2024   4000.   4000.   4000.   4000.
  12  10 2024 10 2024   4000.   4000.   4000.   4000.
  12  11 2024 11 2024   4000.   4000.   4000.   4000.
  12  12 2024 12 2024   4000.   4000.   4000.   4000.
  12   1 2025  1 2025   4000.   4000.   4000.   4000.
  12   2 2025  2 2025   4000.   4000.   4000.   4000.
  12   3 2025  3 2025   4000.   4000.   4000.   4000.
  12   4 2025  4 2025   4000.   4000.   4000.   4000.
  12   5 2025  5 2025   4000.   4000.   4000.   4000.
  12   6 2025  6 2025   4000.   4000.   4000.   4000.
  12   7 2025  7 2025   4000.   4000.   4000.   4000.
  12   8 2025  8 2025   4000.   4000.   4000.   4000.
  12   9 2025  9 2025   4000.   4000.   4000.   4000.
  12  10 2025 10 2025   4000.   4000.   4000.   4000.
  12  11 2025 11 2025   4000.   4000.   4000.   4000.
  12  12 2025 12 2025   4000.   4000.   4000.   4000.
  12   1 2026  1 2026   4000.   4000.   4000.   4000.
  12   2 2026  2 2026   4000.   4000.   4000.   4000.
  12   3 2026  3 2026   4000.   4000.   4000.   4000.
  12   4 2026  4 2026   4000.   4000.   4000.   4000.
  12   5 2026  5 2026   4000.   4000.   4000.   4000.
  12   6 2026  6 2026   4000.   4000.   4000.   4000.
  12   7 2026  7 2026   4000.   4000.   4000.   4000.
  12   8 2026  8 2026   4000.   4000.   4000.   4000.
  12   9 2026  9 2026   4000.   4000.   4000.   4000.
  12  10 2026 10 2026   4000.   4000.   4000.   4000.
  12  11 2026 11 2026   4000.   4000.   4000.   4000.
  12  12 2026 12 2026   4000.   4000.   4000.   4000.
  12   1 2027  1 2027   4000.   4000.   4000.   4000.
  12   2 2027  2 2027   4000.   4000.   4000.   4000.
  12   3 2027  3 2027   4000.   4000.   4000.   4000.
  12   4 2027  4 2027   4000.   4000.   4000.   4000.
  12   5 2027  5 2027   4000.   4000.   4000.   4000.
  12   6 2027  6 2027   4000.   4000.   4000.   4000.
  12   7 2027  7 2027   4000.   4000.   4000.   4000.
  12   8 2027  8 2027   4000.   4000.   4000.   4000.
  12   9 2027  9 2027   4000.   4000.   4000.   4000.
  12  10 2027 10 2027   4000.   4000.   4000.   4000.
  12  11 2027 11 2027   4000.   4000.   4000.   4000.
  12  12 2027 12 2027   4000.   4000.   4000.   4000.
  12   1 2028  1 2028   4000.   4000.   4000.   4000.
  12   2 2028  2 2028   4000.   4000.   4000.   4000.
  12   3 2028  3 2028   4000.   4000.   4000.   4000.
  12   4 2028  4 2028   4000.   4000.   4000.   4000.
  12   5 2028  5 2028   4000.   4000.   4000.   4000.
  12   6 2028  6 2028   4000.   4000.   4000.   4000.
  12   7 2028  7 2028   4000.   4000.   4000.   4000.
  12   8 2028  8 2028   4000.   4000.   4000.   4000.
  12   9 2028  9 2028   4000.   4000.   4000.   4000.
  12  10 2028 10 2028   4000.   4000.   4000.   4000.
  12  11 2028 11 2028   4000.   4000.   4000.   4000.
  12  12 2028 12 2028   4000.   4000.   4000.   4000.
  12   1 2029  1 2029   4000.   4000.   4000.   4000.
  12   2 2029  2 2029   4000.   4000.   4000.   4000.
  12   3 2029  3 2029   4000.   4000.   4000.   4000.
  12   4 2029  4 2029   4000.   4000.   4000.   4000.
  12   5 2029  5 2029   4000.   4000.   4000.   4000.
  12   6 2029  6 2029   4000.   4000.   4000.   4000.
  12   7 2029  7 2029   4000.   4000.   4000.   4000.
  12   8 2029  8 2029   4000.   4000.   4000.   4000.
  12   9 2029  9 2029   4000.   4000.   4000.   4000.
  12  10 2029 10 2029   4000.   4000.   4000.   4000.
  12  11 2029 11 2029   4000.   4000.   4000.   4000.
  12  12 2029 12 2029   4000.   4000.   4000.   4000.
  12   1 2030  1 2030   4000.   4000.   4000.   4000.
  12   2 2030  2 2030   4000.   4000.   4000.   4000.
  12   3 2030  3 2030   4000.   4000.   4000.   4000.
  12   4 2030  4 2030   4000.   4000.   4000.   4000.
  12   5 2030  5 2030   4000.   4000.   4000.   4000.
  12   6 2030  6 2030   4000.   4000.   4000.   4000.
  12   7 2030  7 2030   4000.   4000.   4000.   4000.
  12   8 2030  8 2030   4000.   4000.   4000.   4000.
  12   9 2030  9 2030   4000.   4000.   4000.   4000.
  12  10 2030 10 2030   4000.   4000.   4000.   4000.
  12  11 2030 11 2030   4000.   4000.   4000.   4000.
  12  12 2030 12 2030   4000.   4000.   4000.   4000.
  12   1 2031  1 2031   4000.   4000.   4000.   4000.
  12   2 2031  2 2031   4000.   4000.   4000.   4000.
  12   3 2031  3 2031   4000.   4000.   4000.   4000.
  12   4 2031  4 2031   4000.   4000.   4000.   4000.
  12   5 2031  5 2031   4000.   4000.   4000.   4000.
  12   6 2031  6 2031   4000.   4000.   4000.   4000.
  12   7 2031  7 2031   4000.   4000.   4000.   4000.
  12   8 2031  8 2031   4000.   4000.   4000.   4000.
  12   9 2031  9 2031   4000.   4000.   4000.   4000.
  12  10 2031 10 2031   4000.   4000.   4000.   4000.
  12  11 2031 11 2031   4000.   4000.   4000.   4000.
  12  12 2031 12 2031   4000.   4000.   4000.   4000.
  12   1 2032  1 2032   4000.   4000.   4000.   4000.
  12   2 2032  2 2032   4000.   4000.   4000.   4000.
  12   3 2032  3 2032   4000.   4000.   4000.   4000.
  12   4 2032  4 2032   4000.   4000.   4000.   4000.
  12   5 2032  5 2032   4000.   4000.   4000.   4000.
  12   6 2032  6 2032   4000.   4000.   4000.   4000.
  12   7 2032  7 2032   4000.   4000.   4000.   4000.
  12   8 2032  8 2032   4000.   4000.   4000.   4000.
  12   9 2032  9 2032   4000.   4000.   4000.   4000.
  12  10 2032 10 2032   4000.   4000.   4000.   4000.
  12  11 2032 11 2032   4000.   4000.   4000.   4000.
  12  12 2032 12 2032   4000.   4000.   4000.   4000.
  12   1 2033  1 2033   4000.   4000.   4000.   4000.
  12   2 2033  2 2033   4000.   4000.   4000.   4000.
  12   3 2033  3 2033   4000.   4000.   4000.   4000.
  12   4 2033  4 2033   4000.   4000.   4000.   4000.
  12   5 2033  5 2033   4000.   4000.   4000.   4000.
  12   6 2033  6 2033   4000.   4000.   4000.   4000.
  12   7 2033  7 2033   4000.   4000.   4000.   4000.
  12   8 2033  8 2033   4000.   4000.   4000.   4000.
  12   9 2033  9 2033   4000.   4000.   4000.   4000.
  12  10 2033 10 2033   4000.   4000.   4000.   4000.
  12  11 2033 11 2033   4000.   4000.   4000.   4000.
  12  12 2033 12 2033   4000.   4000.   4000.   4000.
  12   1 2034  1 2034   4000.   4000.   4000.   4000.
  12   2 2034  2 2034   4000.   4000.   4000.   4000.
  12   3 2034  3 2034   4000.   4000.   4000.   4000.
  12   4 2034  4 2034   4000.   4000.   4000.   4000.
  12   5 2034  5 2034   4000.   4000.   4000.   4000.
  12   6 2034  6 2034   4000.   4000.   4000.   4000.
  12   7 2034  7 2034   4000.   4000.   4000.   4000.
  12   8 2034  8 2034   4000.   4000.   4000.   4000.
  12   9 2034  9 2034   4000.   4000.   4000.   4000.
  12  10 2034 10 2034   4000.   4000.   4000.   4000.
  12  11 2034 11 2034   4000.   4000.   4000.   4000.
  12  12 2034 12 2034   4000.   4000.   4000.   4000.
  12   1 2035  1 2035   4000.   4000.   4000.   4000.
  12   2 2035  2 2035   4000.   4000.   4000.   4000.
  12   3 2035  3 2035   4000.   4000.   4000.   4000.
  12   4 2035  4 2035   4000.   4000.   4000.   4000.
  12   5 2035  5 2035   4000.   4000.   4000.   4000.
  12   6 2035  6 2035   4000.   4000.   4000.   4000.
  12   7 2035  7 2035   4000.   4000.   4000.   4000.
  12   8 2035  8 2035   4000.   4000.   4000.   4000.
  12   9 2035  9 2035   4000.   4000.   4000.   4000.
  12  10 2035 10 2035   4000.   4000.   4000.   4000.
  12  11 2035 11 2035   4000.   4000.   4000.   4000.
  12  12 2035 12 2035   4000.   4000.   4000.   4000.
  12   1 2036  1 2036   4000.   4000.   4000.   4000.
  12   2 2036  2 2036   4000.   4000.   4000.   4000.
  12   3 2036  3 2036   4000.   4000.   4000.   4000.
  12   4 2036  4 2036   4000.   4000.   4000.   4000.
  12   5 2036  5 2036   4000.   4000.   4000.   4000.
  12   6 2036  6 2036   4000.   4000.   4000.   4000.
  12   7 2036  7 2036   4000.   4000.   4000.   4000.
  12   8 2036  8 2036   4000.   4000.   4000.   4000.
  12   9 2036  9 2036   4000.   4000.   4000.   4000.
  12  10 2036 10 2036   4000.   4000.   4000.   4000.
  12  11 2036 11 2036   4000.   4000.   4000.   4000.
  12  12 2036 12 2036   4000.   4000.   4000.   4000.
 999